-----------------------------------------------------------------
07:27:10
-----------------------------------------------------------------
-----------------------------------------------------------------
25200
-----------------------------------------------------------------
1620
-----------------------------------------------------------------
10
-----------------------------------------------------------------
26830
-----------------------------------------------------------------
am
99169
[95, 20, 20, 20, 20, 20, 20, 20]
[95, 95, 20, 20, 20, 20, 20, 20]
[95, 95, 95, 20, 20, 20, 20, 20]
[95, 95, 95, 40, 20, 20, 20, 20]
[95, 95, 95, 40, 25, 20, 20, 20]
[95, 95, 95, 40, 25, 70, 20, 20]
[95, 95, 95, 40, 25, 70, 80, 20]
[95, 95, 95, 40, 25, 70, 80, 95]
[1, 0, 0, 0, 0, 0, 0, 0]
[1, 0, 0, 0, 0, 0, 0, 0]
[1, 0, 1, 0, 0, 0, 0, 0]
[1, 0, 1, 1, 0, 0, 0, 0]
[1, 0, 1, 1, 0, 0, 0, 0]
[1, 0, 1, 1, 0, 0, 0, 0]
[1, 0, 1, 1, 0, 0, 1, 0]
[1, 0, 1, 1, 0, 0, 1, 0]
[1, 0, 0, 0, 0, 0, 0, 0]
[1, 0, 0, 0, 0, 0, 0, 0]
[1, 0, 1, 0, 0, 0, 0, 0]
[1, 0, 1, 1, 0, 0, 0, 0]
[1, 0, 1, 1, 1, 0, 0, 0]
[1, 0, 1, 1, 1, 1, 0, 0]
[1, 0, 1, 1, 1, 1, 1, 0]
[1, 0, 1, 1, 1, 1, 1, 1]
['Thresholds and Setting-- \n', 'Thresh 1:95\n', 'Thresh 2:95\n', 'Thresh 3:95\n', 'Thresh 4:40\n', 'Thresh 5:25\n', 'Thresh 6:70\n', 'Thresh 7:80\n', 'Thresh 8:95\n', 'Watering increments--\n', 'Max Water Lvl:88\n', 'Bed State--\n', 'PWR Bed1:1\n', 'PWR Bed2:0\n', 'PWR Bed3:1\n', 'PWR Bed4:1\n', 'PWR Bed5:0\n', 'PWR Bed6:0\n', 'PWR Bed7:1\n', 'PWR Bed8:0\n', 'Drip Tape Time:100\n', 'Soaker Hose Time:50\n', 'Watering Option -- \n', 'Wtr Option 1:1\n', 'Wtr Option 2:0\n', 'Wtr Option 3:1\n', 'Wtr Option 4:1\n', 'Wtr Option 5:1\n', 'Wtr Option 6:1\n', 'Wtr Option 7:1\n', 'Wtr Option 8:1\n', 'Date: 07/28/17 Time:07:21\n', 'AM:11\n', 'PM:23\n', 'SystemStatus:1']
1
Soaker Hose Time:50

50
[50, 0, 0, 0, 0, 0, 0, 0]
0
Drip Tape Time:100

100
[50, 100, 0, 0, 0, 0, 0, 0]
1
Soaker Hose Time:50

50
[50, 100, 50, 0, 0, 0, 0, 0]
1
Soaker Hose Time:50

50
[50, 100, 50, 50, 0, 0, 0, 0]
1
Soaker Hose Time:50

50
[50, 100, 50, 50, 50, 0, 0, 0]
1
Soaker Hose Time:50

50
[50, 100, 50, 50, 50, 50, 0, 0]
1
Soaker Hose Time:50

50
[50, 100, 50, 50, 50, 50, 50, 0]
1
Soaker Hose Time:50

50
[50, 100, 50, 50, 50, 50, 50, 50]
8
[1, 0, 1, 1, 0, 0, 1, 0]
[1, 0, 1, 1, 0, 0, 1, 0]
[1, 0, 1, 1, 0, 0, 1, 0]
[1, 0, 1, 1, 0, 0, 1, 0]
[1, 0, 1, 1, 0, 0, 1, 0]
[1, 0, 1, 1, 0, 0, 1, 0]
[1, 0, 1, 1, 0, 0, 1, 0]
[1, 0, 1, 1, 0, 0, 1, 0]
[95, 95, 95, 40, 25, 70, 80, 95]
[95, 95, 95, 40, 25, 70, 80, 95]
[95, 95, 95, 40, 25, 70, 80, 95]
[95, 95, 95, 40, 25, 70, 80, 95]
[95, 95, 95, 40, 25, 70, 80, 95]
[95, 95, 95, 40, 25, 70, 80, 95]
[95, 95, 95, 40, 25, 70, 80, 95]
[95, 95, 95, 40, 25, 70, 80, 95]
[1, 0, 1, 1, 0, 0, 1, 0]
[1, 0, 1, 1, 0, 0, 1, 0]
[1, 0, 1, 1, 0, 0, 1, 0]
[1, 0, 1, 1, 0, 0, 1, 0]
[1, 0, 1, 1, 0, 0, 1, 0]
[1, 0, 1, 1, 0, 0, 1, 0]
[1, 0, 1, 1, 0, 0, 1, 0]
[1, 0, 1, 1, 0, 0, 1, 0]
[1, 0, 1, 1, 1, 1, 1, 1]
[1, 0, 1, 1, 1, 1, 1, 1]
[1, 0, 1, 1, 1, 1, 1, 1]
[1, 0, 1, 1, 1, 1, 1, 1]
[1, 0, 1, 1, 1, 1, 1, 1]
[1, 0, 1, 1, 1, 1, 1, 1]
[1, 0, 1, 1, 1, 1, 1, 1]
[1, 0, 1, 1, 1, 1, 1, 1]
['Thresholds and Setting-- \n', 'Thresh 1:95\n', 'Thresh 2:95\n', 'Thresh 3:95\n', 'Thresh 4:40\n', 'Thresh 5:25\n', 'Thresh 6:70\n', 'Thresh 7:80\n', 'Thresh 8:95\n', 'Watering increments--\n', 'Max Water Lvl:88\n', 'Bed State--\n', 'PWR Bed1:1\n', 'PWR Bed2:0\n', 'PWR Bed3:1\n', 'PWR Bed4:1\n', 'PWR Bed5:0\n', 'PWR Bed6:0\n', 'PWR Bed7:1\n', 'PWR Bed8:0\n', 'Drip Tape Time:100\n', 'Soaker Hose Time:50\n', 'Watering Option -- \n', 'Wtr Option 1:1\n', 'Wtr Option 2:0\n', 'Wtr Option 3:1\n', 'Wtr Option 4:1\n', 'Wtr Option 5:1\n', 'Wtr Option 6:1\n', 'Wtr Option 7:1\n', 'Wtr Option 8:1\n', 'Date: 07/28/17 Time:07:21\n', 'AM:11\n', 'PM:23\n', 'SystemStatus:1']
1
Soaker Hose Time:50

50
[50, 100, 50, 50, 50, 50, 50, 50]
0
Drip Tape Time:100

100
[50, 100, 50, 50, 50, 50, 50, 50]
1
Soaker Hose Time:50

50
[50, 100, 50, 50, 50, 50, 50, 50]
1
Soaker Hose Time:50

50
[50, 100, 50, 50, 50, 50, 50, 50]
1
Soaker Hose Time:50

50
[50, 100, 50, 50, 50, 50, 50, 50]
1
Soaker Hose Time:50

50
[50, 100, 50, 50, 50, 50, 50, 50]
1
Soaker Hose Time:50

50
[50, 100, 50, 50, 50, 50, 50, 50]
1
Soaker Hose Time:50

50
[50, 100, 50, 50, 50, 50, 50, 50]
8
[1, 0, 1, 1, 0, 0, 1, 0]
[1, 0, 1, 1, 0, 0, 1, 0]
[1, 0, 1, 1, 0, 0, 1, 0]
[1, 0, 1, 1, 0, 0, 1, 0]
[1, 0, 1, 1, 0, 0, 1, 0]
[1, 0, 1, 1, 0, 0, 1, 0]
[1, 0, 1, 1, 0, 0, 1, 0]
[1, 0, 1, 1, 0, 0, 1, 0]
-----------------------------------------------------------------
07:27:11
-----------------------------------------------------------------
-----------------------------------------------------------------
25200
-----------------------------------------------------------------
1620
-----------------------------------------------------------------
11
-----------------------------------------------------------------
26831
-----------------------------------------------------------------
am
99168
[95, 95, 95, 40, 25, 70, 80, 95]
[95, 95, 95, 40, 25, 70, 80, 95]
[95, 95, 95, 40, 25, 70, 80, 95]
[95, 95, 95, 40, 25, 70, 80, 95]
[95, 95, 95, 40, 25, 70, 80, 95]
[95, 95, 95, 40, 25, 70, 80, 95]
[95, 95, 95, 40, 25, 70, 80, 95]
[95, 95, 95, 40, 25, 70, 80, 95]
[1, 0, 1, 1, 0, 0, 1, 0]
[1, 0, 1, 1, 0, 0, 1, 0]
[1, 0, 1, 1, 0, 0, 1, 0]
[1, 0, 1, 1, 0, 0, 1, 0]
[1, 0, 1, 1, 0, 0, 1, 0]
[1, 0, 1, 1, 0, 0, 1, 0]
[1, 0, 1, 1, 0, 0, 1, 0]
[1, 0, 1, 1, 0, 0, 1, 0]
[1, 0, 1, 1, 1, 1, 1, 1]
[1, 0, 1, 1, 1, 1, 1, 1]
[1, 0, 1, 1, 1, 1, 1, 1]
[1, 0, 1, 1, 1, 1, 1, 1]
[1, 0, 1, 1, 1, 1, 1, 1]
[1, 0, 1, 1, 1, 1, 1, 1]
[1, 0, 1, 1, 1, 1, 1, 1]
[1, 0, 1, 1, 1, 1, 1, 1]
['Thresholds and Setting-- \n', 'Thresh 1:95\n', 'Thresh 2:95\n', 'Thresh 3:95\n', 'Thresh 4:40\n', 'Thresh 5:25\n', 'Thresh 6:70\n', 'Thresh 7:80\n', 'Thresh 8:95\n', 'Watering increments--\n', 'Max Water Lvl:88\n', 'Bed State--\n', 'PWR Bed1:1\n', 'PWR Bed2:0\n', 'PWR Bed3:1\n', 'PWR Bed4:1\n', 'PWR Bed5:0\n', 'PWR Bed6:0\n', 'PWR Bed7:1\n', 'PWR Bed8:0\n', 'Drip Tape Time:100\n', 'Soaker Hose Time:50\n', 'Watering Option -- \n', 'Wtr Option 1:1\n', 'Wtr Option 2:0\n', 'Wtr Option 3:1\n', 'Wtr Option 4:1\n', 'Wtr Option 5:1\n', 'Wtr Option 6:1\n', 'Wtr Option 7:1\n', 'Wtr Option 8:1\n', 'Date: 07/28/17 Time:07:21\n', 'AM:11\n', 'PM:23\n', 'SystemStatus:1']
1
Soaker Hose Time:50

50
[50, 100, 50, 50, 50, 50, 50, 50]
0
Drip Tape Time:100

100
[50, 100, 50, 50, 50, 50, 50, 50]
1
Soaker Hose Time:50

50
[50, 100, 50, 50, 50, 50, 50, 50]
1
Soaker Hose Time:50

50
[50, 100, 50, 50, 50, 50, 50, 50]
1
Soaker Hose Time:50

50
[50, 100, 50, 50, 50, 50, 50, 50]
1
Soaker Hose Time:50

50
[50, 100, 50, 50, 50, 50, 50, 50]
1
Soaker Hose Time:50

50
[50, 100, 50, 50, 50, 50, 50, 50]
1
Soaker Hose Time:50

50
[50, 100, 50, 50, 50, 50, 50, 50]
8
[1, 0, 1, 1, 0, 0, 1, 0]
[1, 0, 1, 1, 0, 0, 1, 0]
[1, 0, 1, 1, 0, 0, 1, 0]
[1, 0, 1, 1, 0, 0, 1, 0]
[1, 0, 1, 1, 0, 0, 1, 0]
[1, 0, 1, 1, 0, 0, 1, 0]
[1, 0, 1, 1, 0, 0, 1, 0]
[1, 0, 1, 1, 0, 0, 1, 0]
