=~=~=~=~=~=~=~=~=~=~=~= PuTTY log 2017.08.10 16:57:55 =~=~=~=~=~=~=~=~=~=~=~=
0,294,15.24,43.82,25.58
96468,21.12,19.71,8.82,45.75,6.04,14.76,45.62,24.88
0,19.47,18.53,8.97,45.62,5.30,14.39,44.34,26.29
1004,22.06,21.35,8.48,45.24,5.84,14.39,44.34,26.29
2009,21.12,22.53,8.78,44.85,5.84,16.65,43.82,26.76
3013,22.53,22.06,8.38,43.82,5.99,16.42,44.47,26.52
4019,22.06,19.24,8.97,44.34,5.89,14.88,44.98,23.70
5023,20.18,23.00,9.22,45.62,5.55,14.15,44.08,23.94
6028,21.35,19.47,8.78,44.85,5.89,15.71,43.95,25.58
7033,22.29,19.94,9.02,45.62,5.74,14.51,43.95,24.88
8038,23.23,20.65,8.34,45.50,5.79,14.27,43.95,25.58
9042,21.35,19.71,8.73,44.72,6.28,15.71,43.95,25.82
10048,21.12,19.47,8.87,45.11,5.65,15.24,43.82,25.58
11053,20.88,21.82,8.82,44.21,5.94,14.76,44.98,26.52
12057,20.88,17.59,8.97,45.62,5.89,14.88,45.50,23.70
13063,22.76,22.29,8.38,44.21,5.94,14.15,44.08,26.52
14067,21.59,22.06,9.02,45.50,5.84,15.01,43.82,27.93
15072,21.59,20.65,8.92,45.75,5.55,14.15,44.98,27.23
16077,21.35,19.47,9.22,44.72,5.74,14.88,44.60,23.47
17082,22.76,17.59,8.78,45.37,5.89,14.88,44.34,26.29
18086,20.65,20.18,9.12,45.62,5.55,14.64,46.14,24.41
19092,23.47,19.94,9.02,45.62,5.65,14.27,43.70,25.82
20097,21.59,19.94,8.87,45.62,5.30,14.02,44.21,24.17
21101,22.29,21.12,8.48,44.08,5.60,14.76,45.24,23.00
22107,22.53,21.35,8.63,46.40,5.84,14.27,44.21,26.29
23111,21.35,21.82,8.58,44.34,5.65,14.76,43.31,25.58
24116,22.53,20.41,8.58,44.47,5.84,15.48,44.47,23.94
25121,20.88,21.82,8.73,44.47,5.65,14.27,43.82,25.35
26126,23.23,19.24,8.43,44.34,5.74,15.24,44.98,25.11
27130,25.58,23.94,8.19,44.47,5.99,16.42,44.34,26.52
28136,22.29,21.82,8.53,44.72,5.45,15.24,45.37,25.11
29140,20.41,21.12,8.58,44.34,5.94,16.42,44.60,24.41
30145,23.00,19.71,8.68,44.72,5.89,15.48,44.60,23.70
31151,20.41,22.29,8.97,44.21,5.84,14.39,43.82,25.11
32155,21.59,20.65,8.97,45.62,5.40,15.24,45.11,25.35
33161,21.12,19.00,8.73,44.72,5.94,14.39,44.60,23.70
34165,21.12,21.59,8.87,44.34,5.79,14.39,43.70,25.35
35170,24.17,20.18,8.63,44.60,5.94,16.42,44.47,26.05
36175,20.88,19.00,8.68,44.85,5.45,15.71,44.47,26.76
37180,22.29,19.00,8.58,45.50,5.89,16.18,43.82,25.11
38184,19.47,19.71,8.92,45.62,5.70,15.71,44.08,24.41
39190,23.00,20.88,9.02,45.75,5.74,14.88,44.08,26.52
40195,21.59,19.47,8.97,44.72,5.94,16.42,44.60,23.70
41199,21.35,19.94,9.02,45.50,5.50,15.48,45.50,25.58
42205,22.06,20.88,8.48,45.37,5.45,16.42,44.34,26.05
43209,24.64,22.06,8.92,44.47,5.99,15.95,44.34,26.05
44214,21.12,18.30,8.58,44.47,5.65,14.76,44.08,23.47
45219,20.41,20.18,8.58,45.37,5.60,14.39,43.82,25.35
46224,21.35,19.00,8.48,44.47,5.84,15.24,45.24,25.58
47228,23.23,20.65,8.48,44.47,5.84,15.95,44.98,25.58
48234,25.35,20.88,8.29,45.37,5.50,14.27,43.44,24.64
49239,23.47,19.94,8.48,44.34,5.94,15.48,46.40,25.82
50243,21.35,19.71,9.17,45.50,5.55,14.27,43.95,27.46
51249,20.65,21.35,9.02,45.62,5.55,14.88,45.50,26.29
52253,23.00,22.06,9.02,46.01,5.55,14.27,45.24,25.11
53258,20.41,19.24,9.02,45.50,5.84,17.36,45.37,26.99
54263,23.94,20.41,8.58,45.24,5.89,14.27,43.82,25.35
55268,20.88,21.82,8.53,44.47,5.89,15.71,44.85,26.05
56272,21.35,20.41,9.02,45.62,5.84,14.39,43.57,25.35
57278,23.94,20.88,8.58,45.24,5.79,14.39,43.95,26.05
58283,23.23,22.06,8.58,44.60,6.14,16.42,44.34,25.82
59288,20.88,18.77,8.97,45.24,5.55,15.71,44.85,23.47
60293,19.71,21.35,9.07,45.37,5.60,14.88,44.47,25.82
61297,20.65,19.94,8.87,44.72,5.65,14.51,44.21,26.52
62303,21.82,20.65,9.07,44.85,6.38,14.76,44.72,26.05
63307,20.65,20.88,9.07,45.62,5.70,14.39,44.47,23.94
64312,22.29,21.59,8.48,44.21,5.60,14.27,44.85,26.29
65317,22.29,21.59,8.48,43.44,5.84,15.48,43.31,25.35
66322,20.65,20.41,9.02,45.62,5.60,14.02,45.37,24.17
67326,21.35,19.00,8.43,44.08,5.74,14.88,44.08,24.17
68332,22.53,21.82,8.53,44.21,5.94,13.90,44.98,22.76
69337,6.28,5.70,4.28,6.33,3.25,5.74,5.50,6.23
70341,21.35,21.35,8.43,44.47,6.38,15.24,44.98,25.58
71346,20.65,19.24,8.68,45.24,6.62,15.71,43.82,25.11
72351,22.76,21.35,8.48,44.60,6.67,15.71,43.95,23.94
73356,22.06,19.94,8.97,44.08,6.23,15.24,43.82,24.64
74360,20.18,19.24,8.78,45.37,6.18,18.30,44.98,26.05
75366,21.59,21.12,8.43,45.50,6.18,14.27,43.57,25.11
76370,23.23,20.41,8.48,45.75,6.33,15.48,44.72,25.35
77375,20.65,18.77,8.87,45.37,6.28,15.24,43.57,25.35
78381,19.94,20.88,8.92,44.34,6.04,15.24,43.70,25.11
79385,20.88,20.88,8.92,45.24,5.70,14.02,43.57,25.11
80390,20.41,17.83,8.97,45.37,6.33,14.88,44.21,23.94
81395,20.65,22.29,8.73,44.34,6.09,15.71,43.70,25.58
82400,21.82,19.71,8.43,44.85,6.33,15.95,44.08,23.70
83404,21.35,20.41,8.92,46.14,5.74,14.51,43.70,25.11
84410,22.29,21.12,8.38,45.62,6.18,14.39,44.08,24.17
85414,21.35,21.35,9.07,43.70,6.14,16.42,44.08,23.70
86419,21.59,20.18,8.97,45.50,5.99,15.71,43.70,24.88
87425,20.65,19.47,8.97,44.72,6.14,14.51,44.21,25.11
88429,21.82,19.71,8.58,44.85,6.18,15.71,43.95,25.82
89435,23.00,19.24,8.87,45.24,5.50,14.39,43.18,25.82
90439,23.70,21.59,8.63,44.60,5.94,14.76,44.34,23.47
91444,23.00,18.77,8.87,45.24,5.99,15.24,43.70,24.64
92449,20.65,17.83,8.78,45.50,5.60,14.51,44.21,26.29
93454,22.76,19.94,8.48,45.75,5.84,15.48,43.82,28.17
94458,22.76,22.76,8.48,44.34,5.94,15.01,43.05,22.29
95464,23.00,19.47,8.97,45.50,5.99,14.02,44.98,23.70
96468,20.65,21.35,8.87,44.34,5.99,15.71,44.34,26.52
97473,22.29,19.94,9.07,44.47,5.79,14.76,44.08,23.47
98479,22.76,21.12,8.87,43.44,6.18,15.48,43.18,25.82
99483,22.29,21.12,8.53,44.85,6.04,14.51,45.50,24.88
100488,23.00,19.47,8.58,44.85,6.14,16.42,43.82,27.46
101493,21.35,22.76,8.78,44.47,5.79,14.76,43.82,26.29
102498,21.59,19.47,8.97,45.50,5.60,14.15,45.24,25.11
103502,20.41,19.24,9.07,44.60,6.09,17.12,44.72,25.11
104508,20.65,20.65,9.02,45.50,5.70,13.66,43.95,23.94
105512,22.53,20.18,8.48,44.08,6.28,14.76,45.37,23.94
106518,22.53,20.65,8.34,45.11,5.55,16.42,44.85,23.70
107523,22.53,20.65,8.78,44.85,5.35,14.02,44.08,24.17
108527,21.35,21.12,8.92,45.37,5.35,15.48,44.98,23.23
109533,22.29,19.24,8.68,45.50,5.35,14.27,44.08,24.41
110537,21.12,18.77,8.78,45.11,5.89,14.88,44.85,23.94
111543,23.47,19.24,8.43,45.75,5.84,14.15,43.57,25.11
112547,21.35,21.59,8.78,44.98,5.99,15.95,43.95,25.11
113552,20.88,18.77,8.92,45.62,5.74,14.64,44.08,26.05
114557,19.24,19.71,9.02,45.62,5.74,14.51,43.82,26.52
115562,22.06,19.00,8.38,44.21,5.70,14.27,45.75,25.35
116568,21.35,20.88,8.43,45.24,6.23,14.15,43.82,24.17
117572,20.18,22.53,8.97,45.50,5.74,14.64,45.37,24.64
118577,23.00,18.06,8.87,44.98,5.40,16.18,43.95,24.64
119582,20.88,20.18,9.07,45.24,5.65,14.39,43.70,24.88
120587,23.70,18.77,8.92,45.50,5.50,14.88,44.72,23.47
121591,22.06,21.35,8.43,44.08,5.50,14.15,43.57,25.58
122597,19.94,24.41,8.82,44.21,5.99,15.71,46.40,26.29
123601,23.47,21.35,8.53,44.47,5.60,14.15,43.82,25.82
124607,21.12,19.00,8.53,45.88,5.74,14.39,43.70,26.05
125612,22.06,20.41,9.07,44.34,5.89,15.24,44.98,25.35
126616,20.88,19.24,8.92,45.24,5.50,14.15,43.82,24.41
127622,23.00,21.59,8.38,45.75,5.99,15.95,44.21,22.29
128626,20.88,18.53,9.02,45.62,6.09,14.64,43.95,26.05
129632,20.88,19.71,8.58,45.50,5.60,14.64,44.47,26.52
130636,22.53,20.41,8.29,44.21,5.35,14.02,43.70,24.64
131641,20.88,19.00,8.43,44.47,5.99,16.42,43.95,23.94
132646,21.35,19.47,8.97,44.72,6.04,16.42,44.34,23.94
133651,23.47,21.12,8.53,44.34,5.89,15.48,44.85,25.58
134657,22.76,21.35,8.73,44.34,5.94,14.39,43.82,28.40
135661,23.23,20.88,8.24,44.47,6.23,16.18,44.47,26.05
136666,22.06,20.41,8.68,45.37,5.55,14.02,45.24,24.17
137671,25.11,20.41,8.48,45.88,6.04,15.95,43.18,26.29
138676,23.94,21.82,8.58,44.21,5.50,16.18,44.08,22.76
139681,25.58,21.35,8.19,44.85,6.38,14.15,43.82,26.52
140686,23.94,19.24,8.92,46.01,6.18,15.48,45.37,25.58
141690,23.23,19.71,9.02,45.62,5.99,13.90,44.60,23.23
142696,21.82,20.41,8.78,44.34,6.28,13.41,43.70,24.64
143700,21.35,19.00,8.43,43.95,6.04,15.01,45.24,23.70
144705,23.70,21.82,8.48,44.21,6.14,14.27,43.70,25.35
145711,22.76,19.71,8.87,44.72,5.99,15.71,43.82,26.76
146715,24.64,21.59,8.63,44.47,5.70,14.02,44.60,23.23
147721,22.53,20.41,8.92,44.21,5.94,13.78,43.82,26.29
148725,24.41,18.53,8.92,45.62,5.65,14.76,45.24,26.05
149730,24.64,20.88,8.63,44.60,5.60,14.39,43.95,28.40
150735,23.94,19.94,8.48,45.75,5.94,15.71,44.47,28.17
151740,24.64,20.65,8.48,44.21,5.65,13.54,43.57,27.46
152745,22.76,22.29,8.92,44.21,5.89,14.27,43.82,27.23
153750,23.00,20.18,9.02,45.50,5.89,13.90,43.70,27.23
154755,24.64,22.06,8.68,44.72,6.14,14.64,44.47,26.76
155760,24.64,19.71,8.58,45.75,5.79,14.51,43.95,24.88
156765,23.00,20.65,8.34,44.08,5.74,15.71,43.57,26.76
157770,24.41,20.65,8.58,45.50,6.04,14.15,44.47,27.46
158775,22.29,22.76,8.92,45.24,5.74,15.24,43.70,27.70
159779,24.64,21.35,8.58,44.47,5.11,14.39,43.82,25.82
160785,23.23,21.12,8.58,45.24,5.94,13.90,45.11,24.88
161789,25.82,22.53,8.63,44.21,5.79,17.12,43.70,27.70
162795,25.11,20.88,8.63,44.98,6.14,14.39,43.70,28.40
163800,22.29,20.41,9.02,45.50,5.84,16.42,43.70,30.75
164804,23.70,20.41,8.48,43.95,4.47,15.01,44.60,26.99
165810,23.70,21.82,8.92,44.34,4.77,14.39,43.82,28.40
166814,20.41,18.77,8.92,45.50,4.82,15.95,43.57,28.87
167820,21.59,18.77,8.68,45.62,5.16,15.48,45.11,30.05
168824,21.82,21.35,8.82,44.34,5.35,14.76,44.08,29.11
169829,23.00,21.12,8.48,43.95,5.40,15.95,43.57,26.52
170834,21.82,21.12,8.92,44.21,5.50,15.24,43.82,27.93
171839,24.17,20.88,8.43,44.21,5.11,13.90,43.18,26.05
172844,21.82,19.71,8.92,44.72,5.45,14.88,43.82,27.46
173849,24.64,19.47,8.63,46.14,5.45,14.88,43.95,27.23
174854,22.53,20.65,8.97,45.75,5.21,13.66,43.82,29.58
175859,22.06,18.77,8.82,45.75,5.35,15.01,44.34,24.88
176864,24.41,19.71,8.87,45.24,5.35,14.39,44.60,26.29
177868,24.17,20.41,8.48,44.21,5.65,14.27,43.70,27.23
178874,23.47,18.77,8.97,44.85,5.21,14.39,44.85,26.05
179878,27.23,22.06,9.02,45.50,5.50,14.15,44.85,26.99
180884,26.52,20.65,8.48,46.01,5.60,15.01,44.85,23.70
181889,24.64,20.18,8.53,44.34,5.55,15.48,45.62,26.05
182893,23.00,21.82,8.58,44.34,5.89,14.51,44.60,23.94
183899,24.64,20.41,8.34,45.75,5.79,14.39,43.70,27.46
184903,22.06,18.77,8.87,45.24,6.28,15.48,43.82,26.99
185909,26.52,21.35,8.78,44.60,6.04,15.95,44.34,27.23
186913,23.00,19.94,8.48,44.34,5.94,15.71,44.60,26.29
187918,22.06,18.30,8.68,45.62,5.65,14.64,44.08,25.11
188923,25.82,19.71,8.82,45.62,5.60,14.88,44.47,24.64
189928,23.94,20.65,8.29,44.08,5.65,15.24,43.82,27.70
190934,24.64,21.35,8.87,44.21,5.79,14.39,43.70,26.99
191938,23.94,18.53,8.78,45.75,5.94,16.18,44.72,27.46
192943,23.00,19.71,9.12,45.62,5.55,14.88,44.21,25.35
193948,23.00,19.24,9.17,44.47,5.84,14.64,43.95,25.58
194953,23.00,20.65,8.53,43.82,6.04,15.24,43.57,27.93
195957,23.23,19.24,9.02,45.75,5.65,15.01,43.82,26.76
196963,22.06,18.53,8.82,45.11,6.28,17.83,43.57,26.76
197967,23.23,20.65,8.87,45.50,5.40,15.24,44.98,26.05
198973,21.59,20.18,8.97,44.21,5.74,14.39,43.70,26.05
199977,23.23,20.41,8.87,45.62,5.40,15.01,43.57,26.52
200982,24.88,20.41,8.58,44.34,5.70,14.88,44.34,27.23
201988,20.88,21.82,8.92,43.95,5.79,18.06,45.37,24.88
202992,24.64,22.06,8.92,45.50,5.79,15.71,43.57,26.52
203998,23.70,21.12,8.48,45.11,5.45,15.71,44.85,23.94
205002,23.94,19.00,8.58,43.95,5.94,16.42,44.72,27.23
206007,22.53,18.77,8.68,44.85,5.40,14.27,43.44,26.05
207012,23.70,20.65,8.38,44.72,5.60,14.76,43.95,26.99
208017,22.76,19.24,8.97,45.62,5.40,15.24,45.11,26.29
209022,22.76,19.00,8.29,45.62,5.55,14.51,43.70,26.05
210027,24.41,18.06,8.43,44.60,5.70,16.42,44.34,26.99
211032,23.00,19.94,8.34,46.14,5.30,14.27,43.44,24.88
212037,24.64,19.47,8.82,45.75,5.35,15.24,44.98,27.23
213042,23.23,20.65,8.97,45.50,5.35,14.39,44.72,26.05
214047,22.06,18.77,8.82,44.98,5.50,14.39,43.70,27.23
215052,21.82,22.76,8.78,45.11,5.70,14.76,43.70,26.76
216056,24.17,21.59,8.78,45.11,5.84,17.83,44.72,26.29
217062,24.41,20.41,8.48,46.65,5.84,14.02,44.60,26.52
218066,23.70,20.41,8.14,44.34,6.09,18.53,42.92,25.82
219072,22.76,19.24,9.31,44.47,6.14,14.39,43.44,27.70
220077,22.29,21.59,9.02,45.62,5.84,15.48,43.57,26.29
221081,23.00,17.59,9.02,45.62,5.70,15.71,44.98,24.88
222087,25.58,21.35,8.53,45.37,5.55,19.00,43.70,25.82
223091,22.06,17.83,9.02,45.24,5.60,14.76,45.11,25.82
224097,24.41,20.41,8.92,44.34,5.84,14.39,43.05,27.70
225101,24.17,20.41,8.48,44.21,5.79,15.48,44.85,26.52
226106,21.82,19.47,8.87,45.62,5.70,14.64,43.95,26.76
227111,24.17,18.06,8.58,44.60,5.99,14.76,44.08,24.88
228116,23.70,18.77,8.97,45.24,5.60,14.76,45.24,24.17
229121,22.29,19.00,8.43,44.08,6.04,15.01,44.21,23.94
230126,23.94,19.71,8.04,43.18,5.74,15.24,44.72,24.88
231131,24.64,21.59,8.48,44.08,5.74,15.24,43.57,25.82
232136,22.53,19.47,9.12,44.21,5.94,14.39,43.95,24.88
233141,23.47,19.00,8.38,44.08,5.99,15.48,43.57,26.99
234145,22.06,20.65,9.02,45.50,5.70,15.01,44.85,24.41
235151,24.41,20.41,8.48,45.62,5.70,14.64,43.31,26.52
236155,24.17,20.65,8.29,44.21,5.50,15.24,44.72,25.82
237161,22.06,19.94,8.53,45.50,5.74,14.51,43.57,26.05
238166,24.41,19.24,8.87,45.24,5.50,14.39,44.47,26.99
239170,21.82,19.71,8.97,45.62,5.65,15.48,44.98,25.82
240176,21.82,20.18,8.87,44.47,5.94,16.42,43.70,26.29
241180,22.53,20.41,8.97,45.50,5.45,14.02,43.57,27.70
242186,23.70,19.47,8.87,43.95,5.70,14.76,43.82,27.46
243190,24.41,19.71,8.53,44.47,5.65,14.88,44.34,24.88
244195,24.41,20.18,8.48,44.21,5.30,14.27,43.31,26.99
245200,23.00,20.65,8.48,45.37,5.40,14.27,43.57,26.76
246205,23.94,21.35,8.48,44.34,5.70,14.88,44.60,26.52
247211,23.94,19.94,8.97,44.34,5.94,13.78,43.57,26.99
248215,24.64,17.83,8.63,44.60,5.50,16.42,44.21,26.99
249220,23.70,19.24,8.63,44.72,5.89,18.30,45.24,25.11
250225,22.06,19.00,8.48,45.62,5.94,14.27,43.70,25.82
251230,21.59,18.77,8.87,44.98,5.89,15.48,43.44,26.99
252235,25.58,21.12,8.82,44.47,5.55,14.51,42.79,26.52
253240,23.23,21.35,8.53,44.34,5.70,16.18,46.14,27.23
254244,24.64,21.82,8.43,44.47,5.55,14.76,44.21,27.23
255250,23.00,20.41,8.43,45.75,5.70,15.01,44.47,27.70
256254,21.82,19.00,8.48,44.34,5.89,16.18,44.47,26.76
257260,24.64,22.76,8.63,44.72,5.30,14.39,43.95,26.99
258265,24.64,19.94,8.43,45.62,5.70,14.88,44.47,24.41
259269,22.29,19.00,8.48,44.47,5.65,14.64,44.60,27.23
260275,25.11,19.47,8.48,45.50,5.60,14.76,44.34,27.23
261279,23.00,19.71,8.48,44.21,5.40,16.18,44.34,26.99
262284,22.06,18.77,8.68,45.11,5.84,14.76,44.34,26.99
263289,23.00,18.30,8.43,44.34,5.55,14.51,44.72,28.40
264294,22.53,18.77,8.97,45.24,5.70,16.18,43.70,26.99
265299,22.76,21.82,8.58,44.60,5.99,14.39,43.82,25.11
266304,22.53,20.18,8.48,43.95,5.89,15.95,44.47,26.29
267309,22.29,17.12,8.87,45.24,5.30,14.15,43.70,25.58
268314,23.23,19.00,8.92,44.21,5.70,14.88,44.47,24.64
269319,23.70,19.47,8.97,45.62,5.55,15.01,44.72,24.64
270324,22.53,21.35,8.34,46.14,5.35,15.95,44.21,27.23
271329,24.64,21.12,8.87,45.62,5.35,14.15,44.60,26.52
272333,20.65,19.94,8.53,44.47,5.45,14.02,45.11,25.11
273339,23.47,18.53,9.31,44.21,5.99,14.15,43.31,27.70
274343,23.70,19.00,8.43,43.95,5.79,14.88,44.34,24.64
275349,23.47,23.70,8.63,45.37,5.84,14.88,44.47,26.29
276354,23.23,18.77,8.97,45.37,5.50,14.64,44.08,24.41
277358,24.17,21.12,9.07,44.21,5.45,14.39,43.44,26.52
278364,25.58,20.41,8.43,44.98,5.89,14.27,43.57,25.82
279368,23.70,20.88,8.82,45.37,6.38,16.42,43.82,26.29
280374,22.53,17.59,9.17,44.60,5.45,16.42,43.95,24.64
281378,24.64,19.47,8.63,44.47,5.60,14.51,43.82,26.99
282383,23.47,19.47,8.48,43.70,5.94,16.18,43.18,26.99
283388,24.41,19.00,8.68,44.21,5.55,14.64,44.47,24.88
284393,24.41,20.41,8.38,44.21,5.45,14.27,45.11,25.82
285399,24.64,20.88,8.82,44.08,5.94,14.64,44.47,26.99
286403,20.65,20.18,8.87,45.11,5.99,17.59,43.57,26.29
287408,22.06,18.77,8.73,44.85,6.04,16.18,44.21,26.52
288413,23.70,20.88,8.43,45.11,4.72,17.83,44.34,24.41
289418,23.70,21.59,8.58,44.98,5.50,16.42,44.85,26.99
290423,22.53,19.71,8.48,45.50,5.60,14.51,44.34,26.99
291428,21.82,20.88,8.87,45.11,5.94,19.24,43.70,27.23
292432,24.88,21.35,8.48,44.34,5.79,14.76,44.21,26.99
293438,21.12,20.88,8.92,43.95,5.70,18.30,45.11,23.23
294443,23.70,19.94,8.92,45.24,5.79,15.71,42.92,28.17
295448,22.06,19.24,9.41,45.11,5.55,15.24,44.72,26.52
296453,23.23,18.77,8.97,44.72,6.09,14.51,45.50,26.76
297457,23.23,21.59,8.73,45.37,5.45,14.27,44.60,25.58
298463,24.41,18.30,8.53,44.98,5.84,13.78,43.57,26.05
299467,23.70,19.94,8.58,44.60,5.45,14.39,44.21,27.23
300472,21.82,19.71,8.38,43.82,6.04,16.42,43.82,24.64
301477,23.47,20.41,8.34,45.62,5.45,14.02,43.44,26.52
302482,22.53,19.47,8.34,44.08,5.74,16.18,44.21,24.17
303488,5.26,4.33,3.35,5.30,3.15,4.38,3.69,4.28
304492,21.59,20.88,8.09,44.08,6.33,15.24,43.44,23.47
305497,20.41,21.35,8.38,44.08,6.43,15.01,44.08,24.41
306501,21.12,18.77,8.82,45.62,6.14,14.88,43.82,25.35
307507,20.41,20.65,8.92,43.31,6.23,14.88,44.47,22.29
308511,22.06,20.41,9.31,45.24,5.50,14.88,44.72,22.76
309517,22.76,21.12,8.09,44.21,6.18,14.15,43.57,25.35
310521,21.35,17.83,8.53,43.57,6.18,16.42,44.34,24.41
311526,22.53,21.59,8.48,44.72,5.65,15.48,44.98,22.76
312531,20.65,19.71,8.82,44.34,6.09,15.48,43.82,23.23
313536,22.29,23.00,8.48,44.34,5.55,13.78,45.11,25.35
314542,20.65,21.59,8.73,43.31,6.14,14.02,45.11,24.41
315546,21.59,19.00,8.29,43.31,5.50,15.01,43.44,24.88
316551,21.12,20.41,8.87,45.50,5.84,14.15,43.31,23.70
317556,20.41,19.00,8.34,45.50,5.60,14.39,44.08,24.17
318561,20.88,19.94,8.38,44.08,6.09,13.90,43.44,24.41
319566,23.47,21.59,8.48,44.34,5.65,14.88,44.34,22.76
320571,23.00,21.12,8.29,44.34,5.99,15.71,44.08,23.00
321575,22.53,20.65,8.24,43.95,5.89,15.01,44.72,24.88
322581,20.88,19.24,8.87,44.08,5.65,16.18,43.95,23.00
323586,20.41,18.53,8.73,45.37,5.94,14.76,44.85,22.53
324591,23.00,19.00,8.68,44.34,5.65,15.48,44.85,23.00
325596,21.35,20.88,8.78,43.82,5.99,15.71,43.31,24.64
326600,20.88,19.24,8.43,44.21,5.55,13.66,43.82,23.47
327606,20.88,21.35,8.53,44.47,5.55,14.64,43.70,25.58
328610,20.41,18.30,8.53,44.34,5.50,16.42,43.82,24.88
329615,22.29,22.06,8.53,44.60,5.65,16.18,43.57,25.35
330620,22.29,16.89,8.73,44.85,5.40,14.88,44.98,25.11
331625,20.88,19.00,8.34,45.24,5.60,14.02,43.57,24.88
332631,22.76,19.00,8.53,44.72,5.35,14.76,43.95,25.35
333635,20.65,20.41,8.87,45.37,5.89,15.24,43.57,24.41
334640,23.00,19.47,8.53,44.34,5.94,14.27,43.70,23.23
335645,18.06,18.77,8.68,45.11,5.94,14.76,44.21,22.53
336650,22.29,20.18,8.38,43.18,5.84,14.88,44.47,22.76
337655,22.29,18.77,8.92,44.72,6.04,15.95,44.08,23.23
338660,22.29,21.59,8.48,44.34,6.04,14.27,44.85,23.94
339664,23.94,20.88,8.68,44.98,5.84,14.88,44.34,23.00
340670,20.65,20.65,8.63,44.21,5.60,14.15,43.82,22.76
341675,22.06,20.18,8.87,45.37,5.60,14.27,44.72,23.70
342680,20.41,18.77,8.53,45.24,5.40,13.90,44.60,23.23
343685,21.82,19.94,8.04,44.98,5.30,13.66,43.31,27.23
344689,20.41,18.53,8.53,44.72,5.94,15.71,43.95,23.23
345695,23.00,20.88,8.78,44.08,5.99,14.76,44.47,24.64
346699,21.12,20.18,8.87,45.24,5.40,14.39,44.34,25.82
347704,19.24,18.06,8.43,44.08,5.65,15.71,43.57,25.11
348709,23.23,19.71,8.34,45.11,5.55,15.01,44.72,22.53
349714,20.65,19.47,8.82,45.50,5.50,14.51,43.70,25.35
350720,20.88,21.59,8.29,44.21,5.65,14.39,43.57,23.23
351724,23.00,20.18,8.53,44.34,6.09,13.90,43.18,25.35
352729,20.41,19.47,8.97,45.62,5.89,14.15,43.57,24.64
353734,20.88,20.18,8.82,43.05,5.60,14.64,44.98,25.58
354739,22.76,20.65,8.38,44.08,5.70,14.88,44.60,25.82
355744,23.70,20.41,8.73,43.95,5.99,14.64,44.47,25.11
356749,20.65,20.65,8.38,44.08,5.65,15.24,43.57,26.99
357753,22.06,19.94,8.97,44.98,5.30,14.15,43.57,25.35
358759,22.06,20.18,8.34,45.50,5.89,14.02,44.85,23.00
359763,21.12,20.18,8.92,45.50,5.55,14.02,43.44,24.88
360769,22.76,21.12,8.43,44.98,6.04,15.24,43.57,25.11
361774,22.76,19.71,8.48,44.47,5.65,14.51,43.70,25.35
362778,20.65,18.53,8.73,44.98,6.09,14.15,43.31,25.11
363784,20.88,19.94,8.87,44.08,5.70,14.76,43.95,25.82
364788,22.53,20.65,8.87,45.11,5.70,15.01,44.60,25.11
365794,21.12,18.77,8.58,45.50,5.70,14.27,43.57,23.47
366798,21.12,20.65,8.63,44.72,6.04,14.15,44.72,24.41
367803,21.82,21.59,8.43,44.34,5.89,15.71,43.70,24.17
368808,22.76,18.77,8.53,44.98,5.60,14.27,44.08,23.47
369813,21.35,19.47,8.34,45.11,6.23,14.88,44.60,23.94
370819,21.59,19.71,8.24,45.37,5.45,15.24,44.21,24.88
371823,23.23,19.24,8.53,44.72,5.45,13.66,43.82,23.47
372828,22.76,20.18,8.43,44.08,5.89,18.30,44.21,23.23
373833,22.06,19.47,9.02,45.62,5.65,14.64,44.98,25.11
374838,19.71,18.06,8.58,44.60,5.60,14.15,43.82,25.58
375842,21.35,20.88,8.43,43.70,5.65,15.24,43.57,25.11
376848,23.47,19.71,8.43,45.24,5.74,14.64,43.57,25.11
377852,21.12,20.18,8.78,45.62,5.60,14.51,45.37,23.94
378858,22.06,20.88,9.02,45.62,5.70,14.15,44.34,25.11
379863,20.88,19.00,8.38,44.08,5.79,14.88,44.85,25.11
380867,20.41,18.30,8.43,44.21,5.65,14.27,43.70,25.58
381873,23.00,20.18,8.82,43.95,5.60,16.42,44.72,22.06
382877,22.76,21.35,8.63,44.60,5.45,13.66,43.70,23.47
383883,20.88,21.35,8.63,43.95,6.04,15.71,44.08,22.53
384887,21.59,21.12,8.43,44.72,5.99,15.71,43.57,25.11
385892,22.76,20.88,8.73,44.72,5.89,15.71,44.47,24.64
386897,20.65,18.53,8.92,44.47,6.04,15.71,43.82,22.76
387902,22.76,20.88,8.34,46.53,6.09,13.90,43.31,24.88
388908,20.18,20.18,8.34,45.62,5.84,14.02,44.08,23.00
389912,20.88,20.88,8.68,44.85,5.89,15.95,43.57,25.35
390917,20.18,18.53,8.87,44.98,5.79,14.88,44.34,23.00
391922,20.18,21.35,8.48,44.08,6.14,14.39,44.08,23.70
392927,22.06,20.41,9.51,44.85,5.45,13.78,45.24,23.70
393932,23.70,21.35,8.58,44.47,5.55,14.88,43.70,25.35
394937,20.65,20.88,8.78,45.62,5.60,14.39,43.05,23.00
395941,23.23,21.12,8.29,44.98,5.65,13.78,43.95,25.82
396947,7.16,7.11,5.50,7.26,3.30,6.92,7.11,7.02
397952,10.24,9.95,6.77,33.34,6.09,9.02,30.75,13.17
398956,23.00,23.70,8.48,44.60,5.84,13.90,42.67,24.64
399961,20.18,18.30,8.43,44.34,6.09,15.48,43.70,23.00
400966,22.53,21.35,8.43,44.85,6.38,13.41,43.05,26.05
401971,23.23,20.88,8.53,44.60,6.28,16.42,43.82,24.41
402975,22.76,19.94,8.68,44.98,5.65,15.24,44.08,21.82
403981,20.65,19.71,8.43,44.08,6.14,15.48,43.57,25.11
404985,20.65,18.77,8.29,43.70,5.84,13.90,43.70,23.00
405991,19.71,21.35,8.78,43.57,5.84,14.27,43.44,22.29
406995,19.71,17.83,8.29,43.95,6.14,15.71,44.21,23.70
408000,21.12,22.29,8.14,43.70,6.28,13.66,43.57,25.11
409006,22.76,18.30,8.29,44.60,5.89,14.64,43.44,25.58
410010,19.94,18.77,8.29,44.21,5.55,13.90,42.79,24.17
411016,5.89,5.79,4.18,6.28,3.11,5.74,5.06,5.84
412020,3.55,3.20,3.01,3.69,3.35,3.20,2.91,3.35
413025,2.96,2.52,2.42,3.11,2.91,2.57,2.71,2.42
414029,2.52,2.23,2.03,2.32,3.25,2.03,2.03,2.03
415034,10.48,9.85,5.99,31.22,6.97,9.22,31.22,11.46
416038,20.88,20.88,8.43,44.72,7.02,15.24,43.31,25.11
417043,22.76,19.71,8.38,43.95,6.97,15.48,43.57,25.58
418049,21.12,18.53,8.78,44.60,6.14,15.24,44.34,22.53
419053,21.35,21.82,8.24,43.57,6.62,15.95,43.82,25.35
420059,20.41,17.36,9.12,45.37,6.92,15.95,43.44,25.58
421063,20.88,20.88,8.48,44.60,6.77,15.48,43.31,25.35
422068,23.23,21.82,8.63,44.21,5.99,14.27,43.95,23.47
423073,20.88,21.59,8.63,44.08,6.28,14.64,44.47,22.76
424078,21.82,19.00,8.38,43.70,6.18,14.76,43.44,25.35
425083,20.88,18.77,8.92,44.60,5.89,15.24,44.60,22.76
426088,22.76,20.18,8.24,43.18,6.23,16.18,44.34,24.64
427092,22.76,20.65,8.43,44.21,5.74,14.02,46.14,23.00
428098,23.00,21.35,8.58,44.08,6.58,14.39,44.34,22.76
429103,21.82,20.65,8.58,45.24,5.70,14.15,43.95,25.58
430108,21.59,20.41,8.29,45.37,5.70,15.48,44.21,25.11
431113,20.18,19.94,8.68,45.37,6.04,14.51,43.57,25.82
432117,20.65,18.53,8.73,44.98,6.23,16.18,44.34,25.35
433123,22.06,20.18,8.34,45.24,6.04,14.88,44.85,22.76
434127,20.65,19.71,8.87,45.37,5.70,14.27,44.60,24.41
435133,22.53,21.35,8.24,45.11,5.79,14.64,44.98,25.11
436137,20.65,19.47,8.87,45.37,6.09,14.51,43.44,25.35
437142,23.00,19.00,8.38,43.95,5.94,14.88,44.60,22.53
438148,20.41,21.59,8.68,43.95,6.14,14.51,44.47,25.11
439152,19.94,18.30,8.73,45.11,6.09,14.15,44.47,25.35
440157,22.76,20.65,8.24,43.95,5.94,15.01,44.85,22.53
441162,22.53,17.59,9.26,44.98,5.50,15.48,44.60,23.94
442167,23.47,20.88,8.92,45.37,6.09,14.02,43.82,23.00
443172,21.35,18.30,7.90,43.70,5.94,15.01,44.85,22.29
444177,22.29,20.41,8.24,42.92,6.09,14.51,44.98,25.35
445181,23.47,21.12,8.38,44.34,5.45,14.27,43.82,22.76
446187,19.94,19.94,8.87,43.05,5.99,15.01,44.72,22.06
447192,19.94,19.71,8.73,45.24,5.55,14.27,45.24,23.94
448197,22.76,21.12,8.38,44.21,5.60,13.90,45.62,22.29
449202,19.71,20.41,8.63,44.85,5.94,15.01,44.72,22.53
450206,19.94,18.06,8.38,44.34,5.45,13.54,44.08,22.76
451212,20.41,20.88,8.53,43.95,6.28,14.39,44.21,26.29
452216,22.53,21.12,8.48,44.08,6.53,15.01,44.08,24.41
453222,20.65,18.53,8.92,45.50,6.23,13.66,43.44,23.23
454226,20.41,18.53,8.73,44.21,6.28,15.95,43.57,25.35
455231,20.65,18.53,8.87,45.50,5.89,14.76,43.70,24.88
456237,21.82,18.30,8.29,45.37,5.70,13.54,43.44,24.88
457241,20.18,18.53,8.92,45.50,5.74,14.15,44.85,23.00
458246,21.35,19.00,8.38,43.95,5.74,14.15,44.08,22.53
459251,18.77,20.88,8.68,43.95,5.99,15.48,42.92,24.41
460256,20.65,19.71,8.97,45.62,5.45,14.15,45.50,23.94
461261,20.65,20.65,8.53,44.34,5.65,14.27,43.44,23.23
462266,19.47,22.53,8.34,43.82,5.94,15.01,42.41,24.17
463270,21.35,20.18,8.73,46.91,5.94,13.05,44.60,22.53
464276,22.53,19.24,8.34,45.37,5.55,14.15,44.85,23.23
465281,19.47,18.06,9.02,44.98,5.45,13.54,43.18,23.70
466286,22.76,21.35,8.38,45.75,6.14,13.78,43.31,24.88
467291,22.29,17.83,8.68,44.98,5.74,15.95,42.54,26.99
468295,20.88,18.53,8.38,44.34,5.94,13.66,43.82,22.53
469301,20.65,18.53,8.97,43.82,5.35,14.15,45.24,23.23
470305,19.71,18.06,8.53,44.85,5.50,15.95,43.95,25.35
471311,20.65,20.88,8.24,44.72,5.45,14.76,44.08,25.82
472315,23.00,22.53,8.34,45.50,5.60,14.27,44.98,25.11
473320,22.06,21.35,8.48,44.08,5.99,13.78,43.57,25.11
474326,22.76,18.06,7.94,44.34,5.50,15.24,43.18,23.23
475330,22.06,21.59,8.29,43.95,5.70,14.15,43.44,24.88
476336,23.47,19.94,8.24,44.98,5.79,14.15,43.18,23.47
477340,21.82,17.36,8.73,44.98,6.09,12.93,43.82,25.11
478345,20.41,19.47,9.07,43.57,5.74,13.66,43.18,23.23
479350,21.82,21.12,8.48,43.82,5.94,14.88,44.85,24.17
480355,23.00,18.06,8.78,44.60,5.30,12.80,43.05,22.29
481360,24.64,20.18,8.73,43.95,5.45,15.48,43.82,22.53
482365,19.71,20.88,8.78,45.11,5.89,14.51,43.05,20.88
483369,20.18,19.24,8.82,45.50,5.65,13.54,42.54,23.94
484375,19.47,20.65,8.73,43.57,5.74,13.78,42.28,23.94
485380,21.59,21.12,8.29,44.08,6.18,15.71,43.44,25.11
486385,19.71,17.36,9.41,45.11,6.58,14.64,44.72,26.29
487390,21.82,19.24,8.24,43.57,5.65,14.64,43.18,24.41
488394,19.94,18.06,8.29,43.95,5.50,15.71,43.57,24.88
489400,23.23,20.18,8.24,45.37,5.30,13.54,43.05,21.82
490404,19.71,17.59,8.53,44.47,6.67,16.18,43.31,25.11
491410,22.06,20.65,8.14,44.47,5.26,18.06,44.21,22.06
492414,21.35,19.24,8.14,43.57,5.94,15.24,43.95,25.11
493419,20.41,18.77,8.92,44.98,5.35,13.66,42.79,25.82
494425,21.35,18.53,8.34,45.24,5.55,14.27,43.57,25.11
495429,22.29,20.65,8.43,44.21,6.09,13.54,43.44,22.76
496435,21.12,19.24,8.87,43.82,5.45,15.48,43.31,25.11
497439,19.47,22.76,8.73,45.50,5.50,14.15,43.44,24.88
498444,19.47,18.30,8.43,43.95,5.50,15.95,43.82,21.82
499449,19.71,21.59,8.58,43.57,5.70,14.64,44.34,25.82
500454,22.53,20.88,8.68,44.98,5.50,13.90,43.31,22.76
501458,20.65,18.06,9.22,44.34,5.89,14.15,44.21,26.76
502464,19.00,17.59,8.53,45.11,5.70,14.51,44.47,22.29
503469,19.00,20.65,8.24,43.70,5.74,14.27,42.92,26.99
504474,23.00,20.88,8.34,43.31,5.60,14.15,44.21,25.35
505479,20.18,18.06,8.87,44.98,5.45,13.54,42.92,24.88
506483,20.18,17.83,8.43,44.08,5.50,13.78,42.67,24.17
507489,22.76,17.36,8.34,45.24,5.45,13.90,45.24,23.70
508493,22.53,20.65,8.38,43.70,5.70,14.51,42.92,24.17
509499,21.35,20.88,8.43,44.34,5.50,14.15,43.95,21.82
510503,21.12,18.06,8.14,43.44,5.89,15.24,44.08,23.70
511508,19.00,22.06,8.48,44.21,5.60,14.15,43.95,21.35
512514,19.94,18.53,8.97,43.95,5.26,16.42,43.82,22.06
513518,23.00,17.59,8.63,44.85,5.60,16.65,42.79,24.88
514524,19.24,17.36,8.58,44.98,4.43,14.51,44.21,21.12
515528,22.76,18.06,8.34,43.95,4.18,15.71,43.18,24.88
516533,22.53,20.18,8.24,43.18,5.35,14.88,44.47,26.05
517538,21.59,18.06,8.19,45.24,6.53,12.80,44.72,21.59
518543,19.71,19.71,9.02,45.37,6.28,13.54,43.95,26.76
519548,22.76,20.18,8.53,43.70,6.77,14.15,44.21,9.61
520553,19.94,18.53,9.36,44.08,5.99,13.54,42.41,-0.66
521558,20.88,23.70,8.82,45.62,6.14,14.27,44.85,-0.95
522563,21.59,20.18,8.19,45.88,6.38,13.41,43.05,-1.00
523568,21.82,21.12,8.19,44.34,5.60,13.17,43.31,-1.00
524572,20.88,18.53,8.24,43.70,6.18,16.18,43.44,1.00
525577,19.24,17.12,8.63,45.11,6.09,15.24,44.60,0.32
526582,20.65,20.41,8.04,44.21,6.14,13.41,43.70,0.22
527587,22.29,21.12,8.34,43.70,5.45,13.90,44.60,0.66
528591,23.23,20.88,8.68,44.72,5.84,14.27,28.40,0.91
529597,19.47,18.77,8.92,43.57,5.99,13.54,-1.00,0.91
530601,19.71,18.77,8.19,43.95,5.99,15.71,0.22,0.17
531606,23.00,18.06,8.92,45.62,5.45,13.78,0.61,0.96
532612,21.12,19.94,8.24,46.65,5.60,14.51,0.42,0.81
533616,21.82,19.00,8.68,43.70,5.70,15.24,0.56,0.61
534621,21.82,18.53,8.87,45.11,5.89,15.24,0.47,0.32
535625,23.23,20.65,8.19,43.95,5.50,15.24,0.22,0.86
536631,20.18,19.71,8.14,45.37,5.30,14.15,0.03,0.42
537635,22.76,19.24,8.34,45.75,5.50,5.50,0.52,1.30
538640,19.47,20.65,8.58,44.85,5.65,-0.02,0.47,0.76
539644,19.94,18.06,9.41,45.37,5.21,-0.32,0.32,0.61
540649,20.41,17.36,8.43,44.47,5.74,-0.22,0.52,1.00
541655,22.76,19.24,8.29,45.24,5.35,-0.17,-0.07,0.81
542659,20.18,20.41,8.78,43.82,5.65,0.08,0.91,1.10
543664,22.53,20.41,8.78,45.37,5.21,-0.22,0.22,0.91
544668,22.29,21.12,8.48,43.82,5.50,0.17,0.17,0.91
545673,22.76,20.88,8.53,44.34,6.09,0.32,0.61,0.86
546678,20.88,21.82,8.53,44.08,5.99,-0.27,0.56,0.96
547683,22.06,21.35,8.78,43.82,5.60,0.22,0.27,0.42
548687,20.18,21.12,8.53,44.08,6.38,0.56,0.32,1.05
549692,21.59,19.94,8.87,45.11,5.99,0.27,0.12,0.52
550696,21.35,20.18,8.97,45.24,5.89,-0.32,0.47,0.81
551702,20.88,18.77,9.41,44.60,5.21,0.32,0.52,0.47
552707,21.82,20.65,8.24,45.24,5.70,0.27,0.66,0.76
553711,20.88,21.12,9.07,43.95,6.14,0.27,0.17,1.05
554716,23.00,18.53,8.82,45.24,5.60,0.08,0.42,0.52
555720,22.06,20.41,8.29,43.70,5.60,0.08,0.27,0.81
556726,21.82,20.65,8.34,44.72,5.35,0.03,0.12,0.52
557730,23.23,19.00,8.58,43.95,5.74,-0.02,0.17,0.47
558735,23.00,20.65,8.87,46.27,5.55,-0.12,0.08,1.05
559739,22.76,21.82,8.53,45.62,5.40,0.22,0.37,1.00
560744,20.18,18.77,8.87,6.82,5.26,-0.02,0.66,0.61
561748,21.82,19.24,8.87,0.22,5.45,0.12,0.71,1.05
562754,22.53,18.77,8.58,1.20,5.35,-0.22,0.81,0.71
563759,21.12,18.77,8.97,0.71,5.11,-0.17,-0.02,0.71
564763,23.94,20.88,8.43,2.13,5.40,0.22,0.66,0.91
565768,23.23,20.41,8.38,-1.00,5.30,0.27,0.12,0.52
566772,19.71,18.53,8.87,-0.66,4.96,0.17,0.56,1.30
567777,22.29,20.41,8.43,-1.00,4.72,-0.32,0.08,1.05
568781,20.65,19.00,8.04,-0.61,5.26,0.22,0.66,1.05
569787,20.41,18.77,8.29,-0.66,5.16,0.08,0.42,0.86
570791,23.23,20.41,-0.95,-0.85,5.11,-0.22,0.27,0.81
571796,23.00,21.35,-0.80,-0.95,4.57,0.08,0.42,0.91
572801,19.47,21.82,-0.41,-1.00,5.16,0.17,0.76,1.00
573805,21.12,19.24,-0.71,-1.00,4.77,-0.22,0.22,1.10
574810,20.88,19.00,-0.76,-1.00,4.67,0.08,-0.02,0.56
575814,20.65,18.30,-0.56,-0.76,4.91,0.03,0.61,1.05
576819,21.12,19.47,-0.17,-1.00,5.26,0.47,0.71,1.10
577824,23.00,18.77,-0.56,-1.00,4.77,-0.32,0.37,0.86
578829,22.29,18.77,-0.36,-0.90,4.57,0.37,0.66,1.10
579833,23.00,21.82,-0.90,-0.95,4.43,0.08,1.00,0.32
580838,21.12,21.12,-0.56,-1.00,4.77,-0.12,0.66,0.61
581842,21.12,19.24,-0.66,-1.00,4.52,-0.07,0.71,1.15
582847,22.29,20.65,-0.95,-0.46,4.47,-0.17,0.37,1.20
583852,20.88,18.77,-0.61,-1.00,4.57,-0.22,0.32,1.25
584856,23.00,19.24,-0.76,-0.80,5.06,0.32,0.76,1.15
585862,23.47,19.47,-0.76,-1.00,4.87,-0.27,0.71,1.15
586866,20.18,19.47,-0.22,-0.90,5.11,-0.27,0.56,1.05
587871,20.88,21.35,-0.56,-1.00,4.91,0.12,0.56,0.96
588875,22.53,18.77,-0.36,-1.00,4.28,-0.17,0.52,0.96
589880,22.06,20.65,-0.32,-0.85,4.72,0.56,0.32,0.96
590884,23.70,18.53,-0.32,-1.00,4.18,-0.32,0.03,1.10
591889,21.82,21.82,-1.00,-0.71,4.91,0.56,0.27,0.61
592894,20.65,22.06,-0.80,-0.51,4.52,-0.07,0.22,0.47
593899,19.47,19.47,-0.51,-0.85,5.21,0.42,0.52,1.10
594904,23.47,20.18,-0.80,-0.56,5.11,0.17,0.22,0.86
595908,21.59,21.82,-0.56,-0.56,5.21,-0.36,0.08,1.10
596913,22.53,20.88,-0.41,-1.00,4.62,-1.00,0.17,1.15
597917,21.59,20.41,-0.32,-0.85,5.11,-0.12,0.56,0.71
598922,20.18,20.18,-0.27,-0.85,5.26,-0.17,0.32,0.76
599927,23.47,20.18,-0.80,-0.46,4.47,-0.46,0.66,1.15
600932,20.41,21.12,-0.41,-1.00,4.67,-0.80,0.71,1.10
601936,23.00,20.88,-0.76,-0.66,4.96,-0.27,0.12,0.71
602941,23.00,19.71,-0.85,-0.12,4.43,-0.71,0.12,0.47
603945,22.76,20.88,-0.85,-0.66,4.38,-0.71,0.22,1.00
604950,19.94,18.77,-0.36,-1.00,4.28,-0.76,0.17,1.05
605955,24.88,20.18,-0.85,-0.85,4.33,-0.32,-0.17,0.86
606960,22.53,20.65,-0.85,-0.76,4.87,-0.46,0.12,0.66
607965,21.12,20.41,-0.27,-0.32,4.33,-0.12,0.03,0.66
608969,23.47,20.18,-1.00,-0.76,4.72,-0.46,0.27,0.56
609974,20.65,19.24,-0.46,-1.00,4.33,-0.71,0.27,0.91
610978,22.76,20.88,-0.46,-1.00,4.28,-0.71,0.12,0.56
611983,22.06,20.41,-0.56,-0.76,4.67,-0.22,0.47,1.35
612988,20.41,18.53,-0.41,-1.00,4.77,-0.76,0.37,0.96
613993,8.53,19.24,-1.00,-0.66,4.72,-0.41,0.03,0.71
614998,-0.51,19.00,-0.76,-0.71,4.52,-0.41,0.12,0.66
616002,-0.76,21.12,-0.76,-0.76,5.11,-0.32,0.66,1.20
617007,2.71,19.24,-0.46,-0.85,4.72,-0.22,0.47,0.56
618011,1.49,20.18,-0.27,-1.00,4.77,-0.12,0.32,0.91
619016,-0.85,21.35,-0.80,-1.00,4.13,-0.66,0.56,0.91
620020,-0.66,20.18,-0.71,-1.00,4.18,-0.51,0.42,0.81
621025,3.50,19.47,-0.80,-0.80,4.77,-0.22,0.22,0.96
622029,5.99,22.06,-0.51,-1.00,4.28,-0.71,0.22,0.96
623034,2.23,21.59,-0.85,-0.66,4.18,-0.66,0.27,1.05
624039,6.58,21.59,-0.46,-1.00,4.62,-0.17,0.66,0.66
625044,1.69,21.12,-0.66,-0.85,4.13,-0.32,0.22,0.71
626049,0.86,20.65,-0.85,-0.71,4.47,-0.27,0.56,1.15
627053,-0.66,18.06,-0.46,-1.00,4.43,-0.71,0.47,1.10
628058,-0.32,19.94,-0.32,-0.85,4.13,-0.17,0.22,0.47
629062,-0.32,18.77,-0.56,-1.00,4.72,-0.61,0.66,1.15
630067,-0.56,19.94,-0.76,-0.66,4.18,-0.90,0.47,1.20
631071,-0.12,20.65,-0.36,-0.71,4.33,-0.36,0.66,0.71
632076,-0.17,18.30,-0.61,-0.51,4.62,-0.12,0.56,0.42
633080,-0.12,20.65,-0.27,-0.95,4.28,-0.51,0.22,1.39
634085,-0.95,-0.76,-0.46,-0.76,4.28,-0.51,0.27,1.10
635089,-0.12,-0.51,-0.80,-1.00,4.18,-0.56,0.71,1.25
636095,-0.17,-0.12,-0.02,-0.56,4.33,-1.00,0.47,1.15
637100,-0.07,2.27,-0.51,-0.66,4.62,-0.36,0.61,1.20
638104,-0.71,-0.22,-0.71,-0.61,4.38,-0.56,0.22,1.20
639109,-0.80,0.47,-0.71,-1.00,4.33,-0.41,-0.02,0.71
640113,-0.27,-0.90,-0.46,-1.00,4.57,-0.27,0.81,1.10
641118,-0.12,-0.90,-0.51,-1.00,4.57,-0.22,0.17,1.20
642122,-0.17,-0.85,-0.61,-1.00,4.62,-0.17,0.61,0.91
643127,-0.51,-0.46,-0.32,-0.76,4.57,-0.32,0.22,1.00
644131,-0.17,-1.00,-0.36,-1.00,4.57,-0.22,0.32,0.86
645136,-0.17,-0.51,-0.56,-0.90,4.62,0.03,0.22,1.10
646140,-0.12,-1.00,-0.71,-0.95,4.18,-0.66,0.76,1.30
647145,-0.61,-0.61,-0.85,-0.76,4.08,-0.27,0.91,1.20
648150,-0.41,-0.90,-0.22,-0.95,4.62,-0.12,0.32,0.96
649154,-0.02,-0.32,-0.56,-0.56,4.91,-0.22,0.08,0.71
650159,-0.27,-1.00,-0.27,-1.00,4.67,-0.07,0.03,0.76
651163,-0.17,-0.90,-0.51,-0.71,4.47,-0.36,0.08,0.71
652168,-0.41,-0.76,-0.76,-0.66,4.43,-0.32,0.66,1.05
653172,-0.61,-0.46,-0.85,-0.76,4.62,-0.41,0.12,0.61
654177,-0.56,-0.76,-0.27,-0.51,4.13,-0.51,0.12,0.76
655181,-0.51,-0.36,-0.80,-0.85,3.94,-0.22,0.52,0.52
656186,-0.12,-0.41,-0.32,-0.56,3.94,0.03,0.03,0.52
657190,-0.27,-0.90,0.27,-0.71,3.84,-0.22,0.17,0.42
658195,-0.41,-0.36,-0.90,-0.90,4.28,-0.76,0.61,1.35
659200,-0.76,-0.76,-0.27,-0.95,3.94,-0.46,0.81,1.25
660204,-0.32,-1.00,-0.32,-0.80,4.18,-1.00,0.61,1.20
661209,0.52,-0.71,-0.27,-1.00,4.18,-0.61,0.37,0.91
662213,-0.32,-0.27,-0.41,-1.00,4.43,-0.66,0.66,0.91
663218,0.27,-0.61,-0.76,-0.71,4.38,-0.22,0.52,1.15
664222,-0.32,-1.00,-0.32,-1.00,4.28,-0.27,0.76,1.83
665227,-0.36,-0.36,-0.71,-1.00,4.13,-0.41,0.27,1.00
666231,-0.02,-0.56,-0.32,-0.80,4.43,-0.17,0.37,0.91
667236,-0.56,-0.76,-0.36,-1.00,4.77,-0.02,0.42,1.25
668240,-0.12,-0.56,-0.80,-1.00,4.82,-0.02,0.27,1.30
669245,-0.61,-0.41,-0.85,-0.76,4.08,-0.17,0.61,1.05
670249,-0.41,-0.22,-0.61,-0.56,4.38,-0.46,0.12,0.76
671254,-0.41,-0.27,-0.61,-0.61,4.52,-0.17,0.71,1.05
672259,-0.22,-0.85,-0.51,-1.00,4.13,-0.66,0.52,1.15
673263,-0.61,-0.51,-0.12,-0.80,4.62,-0.22,0.32,1.00
674268,-0.51,-0.51,-0.32,-1.00,3.94,-0.71,0.17,1.35
675272,-0.41,0.03,-0.32,-0.95,4.13,-0.51,0.22,1.20
676277,-0.07,-0.66,-0.51,-0.71,4.38,-0.41,0.66,0.76
677281,-0.66,-0.36,-0.32,-0.56,4.33,-0.41,0.22,1.25
678286,-0.32,-1.00,-0.85,-0.66,4.13,-0.90,0.42,1.25
679290,-0.27,-0.51,-0.71,-1.00,4.08,-0.22,0.56,0.42
680295,-0.51,-0.76,-0.46,-0.66,4.62,-0.17,0.17,1.10
681299,0.17,-1.00,-0.76,-0.71,4.67,-0.22,0.22,1.10
682304,-0.56,-0.61,-0.36,-0.76,4.23,-0.41,0.22,1.15
683310,-0.17,-1.00,-0.85,-0.66,4.08,-0.32,1.10,0.71
684314,-0.22,-0.61,-0.71,-1.00,4.38,-0.32,0.66,0.76
685319,-0.51,-0.76,-0.32,-0.56,4.47,-0.46,0.76,1.25
686323,-0.02,-0.36,-0.56,-1.00,4.28,-0.41,0.12,0.81
687328,-0.76,-0.32,-0.41,-0.51,4.43,-0.07,0.76,1.35
688332,-0.07,-0.27,-0.51,-0.61,4.52,-0.32,0.61,1.20
689337,-0.51,-0.80,-0.76,-1.00,4.62,-0.46,0.27,0.86
690341,-0.61,-0.56,-0.76,-0.90,4.13,-0.12,0.32,0.86
691346,-0.07,-0.56,-0.12,-1.00,4.47,-0.80,1.05,1.35
692350,-0.61,-0.61,-0.32,-1.00,4.28,-0.61,0.22,0.86
693355,-0.27,-0.90,0.22,-0.17,3.94,-0.32,0.17,0.76
694360,-0.46,-0.32,-0.76,-0.76,4.82,-0.32,0.96,1.00
695364,0.37,-0.51,-0.76,-1.00,4.72,-0.36,0.17,0.76
696369,-0.12,-0.27,-0.71,-1.00,4.67,-0.41,0.22,0.76
697373,-0.36,-0.36,-0.80,-0.27,4.03,-0.61,0.71,1.30
698378,-0.22,-0.46,-0.51,-0.61,4.08,-0.61,0.37,1.00
699382,-0.66,-0.61,-0.27,-1.00,4.38,-0.61,0.42,1.05
700387,-0.66,-0.61,-0.22,-1.00,4.38,-0.61,0.37,0.96
701391,-0.07,-0.61,-0.17,-0.90,4.67,-0.41,0.37,0.91
702396,-0.46,-0.02,-0.36,-1.00,4.52,-0.56,0.66,1.74
703400,-0.46,-0.46,-0.36,-1.00,4.62,-0.56,0.66,1.30
704405,-0.32,-0.27,-0.56,-1.00,4.67,-0.02,0.37,1.39
705410,-0.46,-0.32,-0.61,-1.00,4.62,-0.07,0.52,1.00
706414,0.27,-0.32,-0.61,-0.95,4.47,-0.12,0.52,1.00
707419,0.66,-0.32,-0.71,-0.71,4.23,-0.56,0.42,1.44
708423,-0.51,-0.71,-0.17,-1.00,4.72,-0.17,0.37,0.96
709428,-0.36,-0.12,-0.46,-0.56,4.43,-0.12,0.22,1.15
710432,-0.51,-0.56,-0.85,-0.66,4.03,-0.07,0.27,1.35
711437,-0.17,-0.80,-0.27,-0.76,4.33,-0.36,0.76,1.35
712441,-0.12,-1.00,-0.71,-0.17,4.08,-0.12,0.61,1.15
713446,-0.51,-0.32,-0.17,-0.95,4.18,-0.56,0.71,1.35
714450,-0.76,-0.66,-0.71,-0.85,4.18,-0.80,0.76,1.10
715455,-0.12,-0.76,-0.71,-0.56,4.77,-0.56,0.47,1.30
716460,-0.17,-0.95,-0.56,-0.51,4.87,-0.12,1.10,0.91
717464,-0.02,-0.32,-0.17,-0.90,4.82,-0.07,0.37,1.30
718469,-0.51,-0.32,-0.12,-0.90,4.77,-0.12,0.42,1.00
719473,-0.07,-0.32,-0.51,-1.00,4.28,-0.66,0.66,1.30
720479,-0.07,-0.46,-0.71,-0.61,4.52,-0.02,0.52,1.00
721483,0.32,-0.22,-0.76,-0.61,4.08,-0.27,0.81,1.25
722488,-0.02,-0.36,-0.27,-0.61,4.38,0.22,0.61,1.10
723492,-0.46,-0.22,-0.61,-0.90,4.08,-0.61,0.37,1.44
724497,-0.51,-0.51,-0.71,-0.71,3.64,-0.56,0.47,1.05
725501,-0.51,0.03,-0.76,-0.71,3.94,-0.66,0.52,0.86
726506,0.17,-0.80,-0.17,-0.80,3.99,-0.56,0.37,0.91
727511,-0.07,-0.22,-0.56,-0.46,4.13,-0.32,0.22,0.71
728515,-0.07,-0.41,-0.85,-0.46,4.43,-0.56,0.32,0.86
729520,-0.02,-0.22,-0.56,-0.51,4.47,-0.12,0.71,1.10
730524,-0.56,-0.56,0.37,-0.71,4.08,-0.76,0.56,1.20
731529,-0.41,-0.32,-0.56,-1.00,5.26,-0.41,0.27,0.86
732533,-0.22,-0.41,-0.66,-0.61,4.82,-0.07,0.32,0.81
733538,-0.07,-0.32,-0.36,-0.71,4.87,-0.46,0.27,-0.66
734542,-0.36,-0.71,-0.95,-0.46,4.43,-0.46,0.76,-0.17
735547,-0.07,-0.56,-0.22,-0.85,4.43,-0.02,0.66,-0.22
736551,-0.61,-0.36,-0.71,-0.71,5.55,-0.32,0.71,-0.17
737556,-0.71,-0.71,-0.27,-1.00,4.82,-0.61,0.52,-0.56
738561,-0.56,-0.61,-0.17,-0.90,4.52,-0.56,0.37,-0.12
739565,-0.46,0.12,-0.46,-0.66,4.52,-0.17,0.27,-0.27
740570,-0.12,-1.00,-0.27,-0.95,4.72,-0.02,0.32,-0.22
741574,-0.12,-0.66,-0.22,-1.00,5.11,-0.02,0.22,0.61
742579,-0.07,-0.46,-0.41,-0.95,4.43,-0.61,0.27,0.32
743583,-0.22,-0.66,-0.61,-0.90,4.23,-0.56,0.76,0.27
744588,-0.02,-0.27,-0.66,-0.56,4.33,-0.56,0.08,0.32
745592,-0.12,-0.76,-0.80,-1.00,4.28,-0.95,0.61,0.17
746597,-0.27,-0.76,-0.51,-0.46,4.47,0.37,0.71,0.27
747601,-0.02,-0.36,-0.51,-0.61,4.57,-0.17,1.15,0.12
748606,-0.41,-0.56,-0.85,-0.46,4.18,-0.61,0.32,-0.22
749611,-0.66,-0.41,-0.71,-0.46,4.08,-0.36,0.76,0.22
750615,-0.36,-0.02,-0.27,-1.00,4.08,-0.07,0.08,0.37
751620,-0.17,-0.85,-0.32,-1.00,4.03,-0.17,0.66,-0.36
752624,-0.12,-0.51,-0.71,-0.95,4.43,-0.46,0.27,0.27
753629,0.03,-0.66,-0.66,-0.80,4.13,-0.61,0.27,0.08
754633,-0.61,-0.07,-0.27,-1.00,3.99,-0.56,0.81,0.22
755639,-0.12,-0.46,-0.32,-0.90,4.43,-0.17,0.37,-0.17
756643,-0.36,-0.36,-0.36,-0.56,4.43,-0.17,0.27,0.27
757648,-0.02,-0.36,-0.41,-1.00,4.47,-0.17,0.61,0.12
758652,-0.51,0.08,-0.12,-0.71,4.52,-0.17,0.32,-0.02
759657,-0.02,-0.22,-0.56,-0.90,4.52,-0.07,0.42,0.27
760662,-0.51,-0.22,-0.51,-0.95,4.13,-0.56,0.76,0.22
761666,-0.56,-0.51,-0.80,-1.00,4.57,-0.12,0.52,0.22
762671,-0.22,-0.85,-0.51,-1.00,4.43,-0.27,0.76,0.12
763675,-0.27,-0.36,-0.76,-0.61,3.99,-0.07,0.66,0.17
764680,-0.12,-0.22,-0.71,-0.71,4.47,-0.27,0.76,0.27
765684,-0.56,-0.95,-0.17,-0.76,4.03,-0.80,0.52,0.22
766689,0.47,0.03,-0.66,-0.51,4.28,-0.12,0.66,0.17
767693,-0.51,-0.46,-0.71,-0.71,5.16,-0.32,0.86,0.27
768698,0.08,-0.80,-0.22,-0.90,4.77,-0.66,0.71,0.27
769702,-0.41,-0.76,-0.32,0.03,4.13,-0.32,0.22,-0.27
770707,0.03,-0.36,-0.80,0.03,4.08,-0.85,0.71,0.17
771712,-0.61,-0.41,-1.00,-0.51,4.38,-0.17,1.00,-0.17
772716,-0.32,-0.27,-0.61,-1.00,4.72,-0.76,0.76,0.27
773721,-0.76,-0.46,-0.80,-0.56,4.13,-0.17,0.27,-0.22
774725,-0.32,-0.80,-0.36,-0.80,3.89,-0.22,0.66,0.17
775730,-0.22,-0.46,-0.32,-0.17,4.23,-0.56,0.17,0.27
776734,-0.22,-0.32,-0.66,-0.51,4.43,-0.51,0.37,0.32
777739,-0.12,-0.61,-1.00,-0.56,4.67,-0.36,0.71,0.27
778743,0.03,-0.66,-0.90,-1.00,4.77,-0.07,0.52,-0.02
779748,-0.07,-0.41,-0.76,-0.22,4.62,-0.17,0.66,-0.27
780752,0.03,-0.85,-0.71,-0.17,4.13,-0.66,0.76,-0.02
781757,-0.27,-0.85,-0.71,-0.95,4.33,-0.51,-0.07,-0.22
782761,-0.56,-0.85,-0.56,-0.95,4.28,-0.46,0.22,0.32
783766,-0.22,-0.41,-0.36,-0.80,4.62,0.08,0.86,-0.27
784771,-0.27,-0.36,0.08,-1.00,4.03,-0.07,0.32,0.22
785775,-0.32,-0.51,-0.32,-1.00,4.08,-0.12,0.61,0.08
786780,-0.36,-0.71,-0.61,-0.41,4.33,-0.41,0.27,0.42
787784,-0.12,-0.85,-0.41,-1.00,4.13,-0.61,0.32,0.03
788789,-0.32,-0.41,-0.41,-0.61,4.43,-0.22,1.20,-0.32
789793,0.12,-0.27,-0.66,-0.51,4.52,-0.07,-0.02,-0.36
790798,-0.22,-0.80,-0.56,-0.85,4.08,-0.12,0.32,-0.17
791802,-0.12,-0.41,0.03,-1.00,4.08,-0.22,0.76,0.22
792807,-0.56,-0.85,-0.61,-0.95,3.99,-0.51,0.12,-0.41
793812,-0.02,-0.32,-0.32,-1.00,4.57,-0.12,0.52,-0.41
794817,-0.41,-0.32,-0.51,-0.56,4.62,-0.17,0.22,-0.32
795822,-0.51,-0.46,-0.32,-1.00,4.67,-0.12,0.66,-0.32
796826,-0.51,-0.22,-0.56,-1.00,4.33,-0.61,0.81,-0.27
797831,-0.02,-0.41,-0.80,-1.00,4.57,-0.07,0.17,-1.00
798835,0.08,-0.85,-0.46,-1.00,4.13,-0.32,0.76,0.81
799840,-0.12,-0.61,-0.22,-1.00,4.52,-0.12,0.42,6.18
800844,-0.17,-1.00,-0.27,-1.00,4.67,-0.12,0.52,15.95
801849,-0.41,-0.32,-0.66,-0.95,4.57,-0.56,0.71,22.53
802853,-0.02,-0.85,-0.36,-1.00,4.62,-0.85,0.52,21.12
803858,-0.71,-0.76,-0.17,-0.90,4.77,-0.71,0.56,23.70
804862,-0.27,-0.36,-0.51,-0.36,4.18,-0.22,0.81,24.17
805867,-0.51,-0.66,-0.76,-0.56,4.08,-0.12,0.66,24.64
806872,-0.46,-0.46,-0.76,-0.61,4.72,-0.12,0.27,22.53
807876,-0.17,-0.32,-0.36,-1.00,4.18,-0.76,0.03,23.47
808881,-0.51,-0.56,-0.76,-0.61,4.57,-0.07,0.37,24.17
809886,-0.56,0.22,-0.51,-0.95,4.28,-0.32,0.32,24.64
810891,-0.61,-0.56,-0.80,-1.00,4.52,-0.22,-0.07,23.47
811895,-0.17,-0.46,-0.27,-0.76,4.23,-0.36,0.76,24.17
812900,-0.07,-0.41,-0.90,-0.07,4.47,-0.61,0.32,22.29
813904,0.08,-0.27,-0.61,-1.00,4.67,-0.56,-0.27,24.64
814909,0.27,-0.66,-0.80,-0.66,4.28,-0.12,-0.71,24.64
815913,0.37,-0.85,-0.51,-1.00,4.52,-0.32,23.47,24.64
816918,-0.02,-0.36,-0.46,-0.61,4.57,-0.27,30.52,24.17
817923,-0.36,-0.32,-0.27,-1.00,4.18,-0.85,29.58,24.17
818928,0.37,-1.00,-0.66,-0.66,4.18,-0.51,28.17,21.35
819933,-0.07,-0.66,-0.17,-0.95,4.13,-0.27,27.70,22.06
820937,-0.36,-0.36,-0.71,-0.71,4.47,-0.22,27.70,22.06
821942,-0.12,-0.85,-0.41,-1.00,4.33,-0.12,30.52,23.47
822946,-0.56,-0.51,-0.27,-0.80,4.43,-0.07,28.87,23.94
823951,-0.22,-0.27,-0.71,-0.51,4.67,0.08,30.28,24.64
824956,-0.02,-0.51,-0.27,-0.80,4.28,-0.51,26.99,22.29
825961,-0.32,-1.00,-0.36,-1.00,4.57,-0.56,30.28,20.88
826966,-0.02,-0.85,-0.46,-0.80,4.82,-0.46,28.64,24.17
827970,0.03,-0.27,-0.46,-0.56,5.26,-0.07,27.70,21.82
828975,-0.61,-0.22,-0.71,-0.51,5.50,-0.46,28.17,22.76
829979,-0.07,-0.36,-0.41,-0.61,5.50,0.42,29.34,23.94
830984,0.03,-0.71,-0.71,-0.80,5.26,3.94,29.81,23.70
831989,0.03,-1.00,-0.32,-1.00,4.91,9.46,27.93,22.06
832994,-0.07,-0.85,-0.41,-1.00,4.18,9.65,29.58,23.70
833998,-0.02,-0.85,-0.32,-0.61,3.84,10.11,30.05,23.00
835003,-0.56,-0.22,-0.71,-0.41,4.08,10.85,29.11,23.94
836007,-0.51,-0.51,-0.22,-0.80,4.52,10.11,28.87,23.47
837013,-0.32,-0.32,-0.27,-1.00,4.67,10.24,30.52,22.76
838018,-0.46,0.08,-0.61,-0.95,4.47,9.51,29.34,23.94
839022,-0.51,-0.36,-0.85,-0.71,4.57,9.80,29.11,21.35
840027,-0.32,-0.36,-0.71,-0.85,3.99,9.56,29.11,24.41
841031,-0.46,-0.85,-0.51,-1.00,4.18,9.56,28.17,22.53
842036,-0.66,-0.17,-0.71,-0.51,4.72,10.24,30.05,24.41
843041,-0.36,-0.85,-0.71,-0.51,4.43,9.95,27.70,21.35
844046,-0.12,-0.46,-0.22,-0.27,4.18,9.85,28.87,21.82
845050,-0.36,-0.32,-0.51,-1.00,4.87,9.56,28.64,23.94
846055,-0.56,-0.41,-0.32,-1.00,4.28,9.46,28.87,23.23
847059,-0.41,-0.27,-0.41,-0.51,4.62,9.90,27.70,20.18
848064,-0.22,-0.56,-0.27,-0.90,4.77,9.85,27.93,22.29
849070,-0.07,-0.27,-0.46,-0.56,4.62,9.85,27.46,23.70
850074,-0.56,-0.46,-0.71,-0.76,4.57,9.70,29.11,21.35
851079,-0.07,-0.56,-0.17,-0.95,4.23,9.65,29.81,21.59
852083,-0.07,-0.17,-0.61,-0.51,4.77,9.85,27.46,21.59
853088,-0.46,-0.32,-0.27,-1.00,4.13,9.51,30.52,24.17
854092,-0.56,-0.02,-0.41,-1.00,4.08,9.85,26.52,21.82
855098,-0.41,-0.27,-0.51,-0.51,4.67,10.60,27.23,21.59
856102,-0.12,-0.76,-0.32,-0.27,4.38,10.24,32.87,23.23
857107,-0.85,-0.41,-0.71,-0.80,4.13,9.36,30.28,23.47
858112,-0.51,-0.66,-1.00,-0.46,4.38,9.70,30.05,23.94
859116,-0.02,-0.46,-0.76,-0.71,4.57,9.80,28.64,22.53
860122,-0.07,-0.32,-0.07,-0.56,4.38,9.56,30.28,21.12
861126,-0.56,-0.56,-0.27,-0.85,4.23,9.95,30.52,21.82
862131,-0.17,-0.36,-0.61,-0.41,4.28,9.46,30.52,22.53
863135,-0.46,-0.76,-0.71,-0.56,4.47,9.70,29.11,23.70
864140,0.08,-0.80,-0.51,-0.95,4.72,9.61,28.17,21.82
865144,-0.17,-0.41,-0.12,-0.71,4.43,9.56,30.75,23.70
866150,-0.41,-0.32,-0.41,-1.00,4.62,9.85,28.40,21.82
867154,-0.36,0.12,-0.22,-0.90,4.77,9.26,29.34,23.94
868159,-0.41,-0.36,-0.66,-0.56,4.62,9.75,28.40,20.41
869164,0.47,-0.36,-0.41,-0.61,4.38,9.41,30.75,23.94
870168,-0.02,-0.41,-0.27,-0.71,4.47,9.46,30.75,24.64
871173,-0.22,-0.61,-0.36,-1.00,4.23,9.26,28.87,23.00
872177,-0.46,-0.32,-0.27,-0.95,4.28,9.31,30.75,22.76
873183,0.03,-0.66,-0.71,10.85,4.72,9.85,28.40,22.06
874187,-0.22,-1.00,-0.22,26.29,4.91,9.26,30.75,23.47
875192,-0.71,-0.17,-0.17,27.23,4.62,9.41,28.40,23.94
876196,-0.07,-0.36,-0.66,26.99,4.87,9.65,31.22,26.52
877202,-0.61,0.08,-0.17,26.29,4.57,9.26,29.81,23.47
878206,0.03,-0.32,-0.71,25.11,4.62,9.80,30.52,22.76
879211,-0.56,-0.46,-0.71,25.58,4.43,9.26,30.52,25.11
880216,-0.12,-0.66,-0.27,25.58,4.72,9.36,28.87,23.47
881220,0.03,-0.66,-0.66,25.58,5.26,9.90,27.70,22.29
882226,-0.17,-0.56,-0.22,24.41,5.06,10.73,30.52,23.94
883230,-0.85,-0.36,-0.90,26.52,5.16,8.92,29.81,24.17
884235,0.37,-0.90,-0.46,26.99,4.82,9.41,30.75,23.94
885239,-0.32,-0.17,-0.61,26.99,4.91,9.36,30.75,24.41
886245,-0.02,-0.32,1.79,26.05,4.82,9.90,31.46,22.53
887249,-0.66,-0.71,23.00,26.52,5.16,9.31,30.75,23.47
888254,0.03,-0.66,15.71,24.88,4.87,9.41,28.64,22.06
889259,-0.46,-0.51,16.18,26.76,5.26,9.61,28.64,21.12
890264,0.22,-1.00,17.12,25.11,4.91,9.85,29.11,21.82
891269,-0.22,-0.76,14.88,24.88,4.82,9.80,30.52,23.94
892273,-0.02,-0.51,14.76,25.35,5.26,9.70,29.81,23.70
893278,0.47,-0.90,16.42,26.76,5.21,9.46,30.75,21.35
894283,-0.12,0.03,14.64,24.64,5.06,9.56,30.28,20.88
895288,-0.32,-0.22,17.12,26.99,5.01,9.02,28.87,22.53
896292,-0.02,-0.32,16.18,26.76,5.30,9.56,27.70,21.35
897297,-0.56,-0.46,14.76,26.52,4.91,9.75,30.52,21.82
898302,-0.32,-0.36,15.95,24.64,5.35,9.75,28.17,22.76
899307,-0.32,-0.46,14.64,26.29,4.91,9.26,30.28,23.47
900312,-0.27,8.87,16.65,26.52,4.96,8.97,30.28,23.00
901317,-0.02,13.17,16.18,26.29,4.77,9.75,29.58,21.35
902322,-0.61,13.54,16.65,24.88,5.35,9.41,28.64,21.82
903326,0.22,12.68,15.01,25.58,5.06,9.75,30.75,22.76
904332,-0.02,13.41,16.42,25.35,4.96,9.65,29.58,21.35
905336,-0.56,12.93,15.71,24.41,5.35,9.70,29.81,22.53
906341,-0.46,13.54,16.65,26.05,5.45,9.70,28.17,22.06
907346,-0.07,13.41,16.18,26.52,5.11,9.41,30.99,21.82
908351,-0.07,12.80,15.95,26.76,5.01,9.31,29.34,21.82
909356,-0.41,13.66,15.24,25.58,5.45,9.75,29.11,24.17
910361,-0.17,13.78,14.51,26.29,5.06,9.26,30.28,24.17
911366,-0.46,12.44,14.51,24.17,5.30,9.75,30.75,24.17
912370,-0.56,13.41,15.71,25.35,5.11,9.41,31.69,24.41
913376,-0.12,12.07,14.51,24.64,5.16,9.85,28.87,21.59
914380,-0.51,12.07,16.65,25.58,5.16,8.97,31.46,23.00
915385,-0.51,12.31,16.89,26.29,5.06,9.75,30.28,22.76
916389,-0.36,12.93,16.18,26.52,5.40,9.61,28.64,25.82
917395,-0.02,12.44,14.51,25.11,5.16,9.80,31.22,23.70
918400,-0.80,12.31,18.53,25.58,5.35,9.80,28.87,22.06
919404,3.84,13.29,15.48,25.35,5.45,9.46,29.34,24.17
920410,14.39,12.93,14.76,24.41,5.60,9.65,30.52,23.70
921414,14.88,12.56,15.01,24.88,5.11,9.12,29.81,23.47
922420,15.01,12.80,15.48,24.64,5.45,9.61,28.64,24.64
923424,16.65,13.41,16.42,25.11,5.55,9.95,29.11,23.94
924429,14.51,13.29,15.95,26.52,5.30,9.46,30.99,21.35
925434,14.39,12.93,15.48,24.64,5.60,9.85,30.75,20.41
926439,13.90,13.29,16.42,26.76,5.40,9.41,31.22,23.94
927443,14.51,13.78,14.51,26.76,5.50,9.61,28.40,20.88
928449,15.01,13.05,16.42,26.29,5.11,9.31,30.05,22.53
929454,16.89,13.41,15.71,25.58,5.65,9.80,28.87,21.82
930459,14.88,12.31,14.88,24.88,5.35,9.85,28.87,22.76
931464,16.18,13.41,15.95,23.23,5.60,9.65,30.28,23.70
932468,14.88,13.54,16.42,28.87,5.11,9.12,30.28,23.94
933474,15.71,13.66,16.65,24.41,5.26,9.80,31.46,21.82
934478,15.71,12.80,15.01,25.35,5.89,9.61,27.70,21.59
935483,14.76,13.17,15.48,24.64,5.50,9.80,30.75,23.70
936488,16.18,12.31,15.48,24.64,5.40,9.26,30.52,23.00
937493,14.51,13.05,16.42,26.76,5.30,9.46,28.87,21.59
938499,15.01,13.66,16.65,24.64,5.26,9.85,28.87,23.23
939503,14.15,12.68,16.65,26.99,5.26,9.41,31.46,23.70
940508,16.65,13.54,15.48,26.76,5.01,9.26,30.28,23.94
941513,14.51,12.56,14.51,24.17,5.26,9.56,29.34,23.47
942518,14.76,12.80,15.01,26.05,5.01,9.22,30.52,23.94
943522,14.88,13.17,15.95,24.64,5.60,9.65,30.75,21.82
944528,15.95,13.29,16.42,23.23,5.21,9.36,31.46,24.17
945532,15.71,13.78,14.39,26.76,5.16,9.17,30.28,23.47
946538,15.01,13.05,15.01,24.64,5.70,9.56,30.28,21.35
947543,15.95,12.44,14.88,26.76,5.01,9.26,29.58,23.00
948547,14.15,13.54,16.18,26.52,5.01,9.12,30.75,23.47
949553,14.15,12.68,16.65,26.29,5.16,9.51,30.52,21.82
950557,14.88,13.41,15.95,26.29,5.26,9.26,31.22,23.94
951562,14.27,13.78,14.76,24.64,5.06,9.22,31.46,22.53
952567,14.27,12.44,14.76,24.88,5.21,9.41,28.87,22.06
953572,14.39,13.90,16.18,28.87,5.50,9.56,27.93,21.35
954577,14.76,13.17,15.01,26.99,5.30,9.41,29.34,23.70
955582,14.39,12.07,15.95,29.11,4.96,9.22,30.75,23.70
956587,14.76,12.31,14.88,24.88,4.77,9.17,30.28,23.47
957592,15.95,12.56,14.27,25.58,5.21,10.85,28.64,21.12
958597,14.15,14.15,14.76,26.52,5.06,9.61,31.22,23.47
959602,15.01,13.54,16.42,24.64,5.21,9.65,29.11,23.23
960607,14.51,13.90,14.51,24.17,5.55,9.75,32.63,24.64
961611,15.95,13.66,16.18,27.70,5.50,9.51,31.46,23.70
962617,14.88,12.80,15.71,26.99,5.11,9.51,31.46,20.41
963621,15.48,13.54,16.89,26.52,4.82,9.22,28.87,22.76
964626,15.71,13.90,16.42,26.99,5.30,9.51,29.11,24.41
965632,15.95,12.44,14.02,26.52,5.45,9.46,28.40,21.35
966636,14.02,13.78,14.88,26.99,5.45,9.51,31.46,23.94
967642,14.64,12.44,15.48,24.17,5.55,9.65,28.17,22.76
968646,15.48,12.31,14.64,24.64,5.89,9.70,28.40,23.47
969651,16.65,13.78,16.18,27.23,5.89,9.41,31.46,21.35
970656,14.39,12.44,14.15,24.64,6.14,9.75,28.64,22.76
971661,14.27,12.56,15.48,26.29,5.55,9.46,29.11,23.23
972665,15.48,14.88,16.18,26.29,5.74,9.31,30.28,23.70
973671,17.12,13.05,18.30,25.35,5.65,9.75,28.17,21.35
974675,15.71,13.05,15.24,24.88,5.55,9.70,29.81,23.23
975681,14.27,14.02,14.51,24.41,5.55,9.65,29.11,23.47
976686,13.78,11.58,16.65,25.11,5.65,9.80,29.34,22.06
977690,14.76,12.80,15.01,25.58,5.16,8.87,32.16,23.23
978696,14.15,12.19,14.27,24.88,5.35,9.75,29.11,24.17
979700,14.15,12.44,14.51,26.76,5.45,9.41,28.87,20.88
980705,14.64,12.31,14.64,26.52,5.11,9.46,31.22,21.35
981710,15.48,12.31,13.78,23.70,5.50,9.65,30.75,22.76
982715,17.36,13.66,16.42,25.82,5.21,9.22,31.22,23.47
983720,13.54,13.66,15.71,24.41,5.06,8.92,30.52,23.47
984725,14.51,12.56,14.51,24.41,5.26,9.65,31.22,23.70
985730,14.39,13.54,13.66,26.29,5.01,9.26,31.22,22.76
986735,14.88,12.80,15.24,24.64,6.09,9.61,30.75,21.12
987740,14.15,13.29,15.71,26.99,5.26,9.12,31.69,23.94
988744,14.39,13.78,15.24,25.82,5.21,9.70,30.75,22.76
989750,15.01,12.56,14.51,24.41,5.70,9.41,31.46,23.94
990754,14.39,13.66,17.59,29.11,5.11,9.17,31.22,24.17
991760,15.24,13.66,17.12,24.88,5.21,9.70,31.22,22.76
992764,14.15,12.68,16.18,24.88,5.21,9.22,30.05,22.76
993769,15.24,13.29,17.12,26.76,5.21,9.26,31.93,23.00
994775,15.95,12.44,15.24,23.70,5.16,9.70,32.16,23.00
995779,13.90,13.66,17.83,27.23,5.11,9.17,30.75,23.47
996784,16.89,13.90,15.95,26.05,5.60,9.41,31.69,20.88
997789,14.27,11.58,16.65,24.41,5.65,9.36,31.46,24.41
998794,16.18,13.66,16.65,27.46,5.16,9.17,30.52,22.53
999799,14.02,13.78,16.42,25.58,5.21,9.70,31.93,23.00
1000804,14.64,12.80,16.18,29.11,5.35,9.12,30.99,23.94
1001808,15.01,13.41,16.18,26.99,5.45,9.31,32.16,22.53
1002814,14.64,12.44,14.02,26.52,5.16,9.17,30.52,22.29
1003819,14.51,13.17,16.65,27.46,5.26,9.36,29.58,22.53
1004824,15.71,12.68,16.65,25.58,5.26,9.95,30.75,21.35
1005829,14.39,13.41,16.89,26.29,5.21,9.22,29.81,22.76
1006833,14.39,13.29,16.42,24.41,5.26,9.70,31.93,21.59
1007839,15.48,11.46,14.64,24.88,5.16,9.22,29.81,22.53
1008843,14.76,12.56,15.71,26.76,5.35,9.41,31.69,22.06
1009849,16.18,13.41,16.65,23.70,5.35,9.31,31.22,24.17
1010853,19.24,13.41,15.01,24.88,5.50,9.26,29.58,23.00
1011859,15.95,12.56,15.01,24.64,5.70,9.56,31.22,21.59
1012864,14.51,12.44,15.24,26.52,5.55,9.70,31.46,23.94
1013868,14.27,13.41,16.42,26.29,5.70,9.80,31.93,21.82
1014874,16.42,12.80,16.89,26.29,5.26,9.41,32.16,24.17
1015878,14.39,13.66,15.95,26.05,5.70,9.75,29.58,22.06
1016884,14.39,12.68,16.42,26.05,5.60,9.75,28.17,24.88
1017888,14.39,13.29,16.18,26.99,5.21,9.22,31.93,24.17
1018893,14.39,12.93,15.48,24.41,5.50,9.51,31.69,21.59
1019898,13.90,13.54,17.12,28.17,5.16,9.07,31.22,23.00
1020903,14.51,15.48,14.51,26.76,5.06,9.65,29.58,22.06
1021908,16.18,12.68,16.65,26.05,5.55,9.17,30.75,22.53
1022913,14.76,15.24,14.39,26.05,5.26,9.26,31.69,23.70
1023919,14.76,12.93,14.88,24.64,5.55,9.46,29.11,23.23
1024923,14.64,13.29,15.01,24.64,5.26,9.36,32.16,23.94
1025928,14.51,13.41,15.48,25.58,5.55,8.87,32.63,23.94
1026933,14.39,12.44,14.39,23.00,5.26,9.36,29.81,21.82
1027938,15.24,13.41,15.95,25.11,5.16,9.36,31.69,21.59
1028943,15.71,13.17,16.18,23.70,5.11,9.41,31.93,22.06
1029948,15.01,13.78,15.48,26.29,5.30,9.65,28.87,21.35
1030953,14.76,13.41,15.01,26.52,5.26,9.31,32.16,22.06
1031958,14.39,11.70,16.18,26.99,5.26,9.36,31.93,24.17
1032963,14.51,13.41,16.18,27.23,5.01,9.31,30.99,24.17
1033968,14.39,12.31,14.51,24.88,5.26,9.22,31.93,23.47
1034973,14.76,13.54,16.89,25.82,5.16,9.22,30.99,23.70
1035978,15.01,13.66,16.89,25.35,5.21,9.75,30.28,21.82
1036983,15.24,12.56,14.51,26.05,5.11,9.12,30.75,23.00
1037987,15.24,13.05,14.88,25.11,5.70,9.80,32.16,21.59
1038993,14.51,12.44,14.51,23.00,5.21,9.26,31.93,24.17
1039997,16.65,13.29,16.18,27.46,5.11,9.17,30.52,23.70
1041003,16.42,12.44,15.01,24.41,5.65,9.36,29.34,23.47
1042008,14.76,12.80,15.24,26.52,5.60,9.75,29.58,21.35
1043013,14.51,13.66,16.65,26.76,5.11,9.41,31.93,21.82
1044018,15.48,12.44,14.27,26.99,5.30,9.41,31.69,23.47
1045022,15.01,13.29,16.65,26.76,5.45,9.31,31.93,22.06
1046028,14.76,12.56,14.27,23.70,5.26,9.31,32.16,21.82
1047032,16.42,12.68,14.39,26.05,5.11,8.87,30.75,22.53
1048038,14.27,12.31,14.39,24.64,5.30,9.46,31.93,21.59
1049042,14.64,13.41,17.59,27.93,5.11,9.26,31.93,24.17
1050047,14.15,13.17,15.95,24.88,5.21,9.75,29.58,22.29
1051053,15.48,13.66,16.89,26.29,5.16,9.22,30.99,21.82
1052057,15.95,14.15,15.01,25.82,5.11,9.65,31.22,21.12
1053063,14.39,12.31,14.15,24.64,5.26,9.26,31.93,23.47
1054067,14.39,13.78,15.01,25.35,5.60,9.70,31.22,23.70
1055073,14.27,12.44,14.76,25.11,5.30,9.26,31.93,22.53
1056077,15.48,14.02,16.89,26.05,5.55,9.70,29.58,21.35
1057082,16.42,13.90,14.64,24.88,5.06,9.22,31.93,22.76
1058087,14.64,11.95,16.42,25.35,5.65,9.70,30.75,23.00
1059092,13.78,13.78,14.88,26.76,5.21,9.17,31.69,23.23
1060098,13.90,13.54,15.48,26.52,5.21,9.46,31.93,21.59
1061102,16.18,13.78,15.24,26.29,5.40,9.26,31.46,23.70
1062108,16.65,13.78,16.89,26.29,5.11,9.56,31.69,21.59
1063112,16.89,12.93,14.88,27.23,5.30,9.31,32.16,23.70
1064117,15.95,12.80,16.42,23.94,5.40,9.75,31.93,21.59
1065122,17.36,12.93,15.95,23.23,5.40,9.26,30.52,22.06
1066127,15.01,12.44,14.64,26.29,5.40,9.22,31.93,23.94
1067132,14.76,12.68,15.71,23.70,5.16,9.41,31.93,21.59
1068137,16.42,13.54,15.24,27.23,5.26,9.36,32.63,23.94
1069142,16.42,13.29,14.02,26.52,5.21,9.80,32.87,23.70
1070147,14.51,12.80,15.24,24.64,5.55,9.61,31.69,22.76
1071152,14.88,13.17,14.02,26.52,5.30,9.26,32.16,21.12
1072157,16.65,13.29,16.18,23.94,5.35,9.36,31.93,24.64
1073162,16.42,13.66,16.65,26.29,5.06,9.70,29.81,21.82
1074167,16.42,12.93,16.18,24.17,5.55,9.70,32.16,21.82
1075172,14.76,12.44,14.51,27.23,5.21,9.31,29.58,22.29
1076176,16.42,13.66,17.59,25.35,5.16,9.70,31.69,22.76
1077182,14.27,12.44,14.88,25.35,5.65,9.61,29.58,19.94
1078187,14.27,13.78,14.39,26.99,5.65,9.65,28.17,22.53
1079192,15.48,13.54,16.18,23.47,5.26,9.80,32.63,22.53
1080197,14.39,13.29,16.18,26.29,5.21,9.17,31.69,23.47
1081202,15.01,13.17,16.18,24.17,5.35,9.70,32.63,22.29
1082207,16.42,12.68,16.42,26.76,5.11,9.31,31.46,23.47
1083211,14.76,13.66,15.95,25.58,5.40,9.70,32.16,21.82
1084217,14.27,12.56,15.24,24.41,5.35,9.56,31.22,23.47
1085221,16.65,12.56,14.39,26.99,5.11,9.36,30.52,21.35
1086227,15.01,12.44,14.76,23.00,5.16,9.36,32.40,23.47
1087232,16.42,13.66,17.36,25.58,5.60,9.75,30.75,21.59
1088236,15.95,13.05,14.51,26.29,5.11,9.75,31.69,21.12
1089242,14.88,13.17,15.95,26.76,5.60,9.41,28.87,22.06
1090246,14.64,14.02,16.89,26.29,5.55,9.65,30.05,21.82
1091252,15.01,12.56,14.51,24.64,5.30,9.31,31.93,23.23
1092256,16.42,13.90,17.36,28.17,5.16,9.22,31.69,23.94
1093262,15.48,12.93,16.18,24.88,5.16,9.80,32.40,23.23
1094266,14.51,12.80,15.24,26.29,5.89,9.61,29.81,21.59
1095271,16.42,13.78,15.01,25.82,5.60,9.56,31.22,20.18
1096276,14.64,12.93,15.95,23.94,5.60,9.65,31.46,22.76
1097281,14.39,13.66,16.42,26.52,5.16,9.12,31.93,22.76
1098287,16.65,12.44,15.71,24.88,5.40,9.51,31.93,23.70
1099291,14.76,13.29,16.42,26.76,5.74,9.31,29.11,22.06
1100297,14.39,13.05,16.42,26.99,5.30,9.41,30.52,24.17
1101301,16.65,12.68,15.48,25.82,5.50,9.26,32.16,23.70
1102306,16.89,13.54,16.42,26.05,5.65,9.07,30.52,21.82
1103311,14.15,13.41,16.42,24.64,5.21,9.31,30.28,22.29
1104316,15.95,14.02,16.65,29.58,5.16,9.17,32.40,24.41
1105321,14.88,12.56,14.51,24.17,5.45,9.65,30.28,21.82
1106326,15.01,12.80,14.39,26.05,5.26,9.26,31.69,23.70
1107332,17.12,15.71,16.42,24.17,5.26,9.75,29.81,21.82
1108336,15.24,13.78,17.36,26.52,5.21,9.12,30.99,23.23
1109341,15.95,13.29,16.65,26.99,5.55,9.26,33.34,22.06
1110346,16.89,13.05,15.95,26.52,5.30,9.22,32.16,23.70
1111351,17.59,12.68,14.51,26.76,5.99,9.56,32.16,20.65
1112356,14.64,12.68,16.18,24.88,5.26,9.65,29.58,21.35
1113361,15.01,13.29,16.42,26.99,5.35,9.46,32.40,23.94
1114366,14.64,13.66,16.42,26.52,5.01,9.26,31.22,23.70
1115371,14.64,12.68,16.42,26.99,5.26,9.41,32.63,23.70
1116376,16.65,14.15,14.76,26.52,5.70,9.17,31.46,23.47
1117381,15.71,12.44,14.64,25.11,5.21,9.26,32.16,23.47
1118386,14.27,13.66,16.18,26.52,5.16,9.17,31.93,23.70
1119391,16.18,13.05,15.71,26.76,5.26,9.46,32.40,23.70
1120396,15.95,13.05,14.76,26.05,5.11,9.12,31.69,23.70
1121400,14.39,13.66,16.42,24.64,5.21,9.70,32.16,22.29
1122406,14.64,12.31,15.48,23.94,5.60,9.56,32.16,22.76
1123410,14.51,13.66,16.42,26.99,5.45,9.41,30.52,23.70
1124416,15.24,12.44,14.64,23.70,5.26,9.31,32.40,23.23
1125421,14.39,13.29,17.59,24.64,5.30,9.51,32.16,23.23
1126426,16.65,12.80,15.71,26.05,5.65,9.07,30.28,22.29
1127431,14.76,13.05,16.42,25.82,5.21,9.26,32.40,23.94
1128435,15.24,13.90,16.65,26.52,5.60,9.70,32.87,21.82
1129441,15.95,12.31,15.01,24.64,5.45,9.80,31.93,22.76
1130445,14.88,13.05,16.18,24.64,5.45,9.61,30.05,21.35
1131451,15.95,13.90,15.01,26.76,5.40,9.51,29.81,26.29
1132455,15.95,13.41,15.95,25.82,5.30,9.36,32.40,23.94
1133460,15.01,12.68,16.42,23.70,5.30,9.41,30.28,24.41
1134466,16.18,13.05,16.89,25.82,5.26,9.36,32.40,24.17
1135470,16.18,13.66,16.42,26.99,5.55,8.92,32.40,23.23
1136476,14.39,12.56,14.51,25.11,5.26,9.26,32.40,23.70
1137480,16.18,13.66,15.71,26.76,5.26,9.22,30.99,22.76
1138486,16.65,12.68,15.71,26.52,5.30,9.31,31.69,24.17
1139490,15.71,12.80,15.48,25.82,6.14,9.65,30.28,20.65
1140495,14.64,13.41,16.89,25.11,5.26,9.85,30.99,21.59
1141500,14.76,12.31,14.15,26.29,5.40,9.46,32.40,23.70
1142505,14.51,13.90,16.65,26.52,5.21,9.22,32.63,22.53
1143511,14.76,12.44,15.01,24.64,5.65,9.70,32.16,23.94
1144515,16.42,13.17,16.42,26.99,5.45,9.51,32.40,23.23
1145521,15.01,12.56,13.66,24.64,5.40,9.31,32.16,21.35
1146525,14.88,12.44,14.39,26.99,5.35,9.41,32.63,23.70
1147530,15.95,14.27,15.24,24.64,5.84,9.56,30.28,23.23
1148535,15.01,13.66,16.89,26.29,5.74,10.97,31.69,23.70
1149540,14.64,13.66,16.89,26.52,5.70,9.70,33.34,21.59
1150545,17.83,12.93,16.42,24.41,5.30,9.31,32.63,23.47
1151550,15.48,13.41,15.48,26.52,5.26,9.36,30.05,22.29
1152556,14.39,12.80,15.48,26.52,5.26,9.46,32.63,22.06
1153560,14.02,13.78,14.64,26.52,5.06,9.75,31.69,22.29
1154565,14.76,13.66,16.65,26.52,5.26,9.41,32.40,23.94
1155570,15.95,12.93,15.24,24.64,5.55,9.65,32.40,23.23
1156575,14.39,13.66,16.42,26.76,5.35,9.22,32.63,22.29
1157580,16.89,13.29,15.71,26.99,5.11,9.46,32.63,24.17
1158585,15.95,13.05,15.71,24.17,5.45,9.65,32.63,23.47
1159590,15.24,13.66,16.18,25.35,5.26,9.75,31.69,21.12
1160595,15.24,13.05,14.64,26.52,5.70,9.46,30.28,20.18
1161600,14.02,13.41,19.00,25.58,5.65,9.22,31.22,23.94
1162605,14.76,12.93,15.48,24.41,5.45,9.61,32.63,25.82
1163610,15.95,14.02,16.89,26.99,5.55,9.56,30.75,23.94
1164615,15.71,13.05,16.42,26.52,5.26,9.65,32.16,23.94
1165620,14.76,13.05,15.71,26.52,5.40,9.31,32.16,23.94
1166625,19.24,12.80,15.95,26.76,5.16,9.51,32.40,24.17
1167630,15.71,13.66,16.42,26.99,5.55,9.46,32.63,23.70
1168634,15.48,13.41,16.18,24.64,6.04,9.46,32.40,23.94
1169640,16.18,13.90,14.88,24.88,6.04,9.75,30.52,21.59
1170644,15.01,13.54,16.42,27.46,5.50,9.41,30.75,23.94
1171650,15.24,13.90,14.64,24.64,5.55,9.65,28.87,24.41
1172655,14.39,13.78,15.71,26.52,5.45,9.56,30.52,21.59
1173660,15.01,12.80,16.42,24.41,5.35,9.75,30.52,22.29
1174665,14.88,13.29,15.95,26.29,5.35,9.46,30.52,21.82
1175669,15.95,13.78,14.88,26.76,5.65,9.22,32.16,23.47
1176675,16.89,13.05,15.95,26.52,5.26,8.97,31.69,22.06
1177679,17.12,13.90,16.42,26.76,5.16,9.12,32.40,23.94
1178685,15.95,13.78,17.36,25.11,5.30,9.26,32.63,23.00
1179689,15.95,13.66,16.42,27.23,5.45,8.97,32.63,23.47
1180694,14.15,13.41,15.71,26.76,5.16,9.75,32.40,23.70
1181700,14.27,12.68,15.95,26.29,5.16,8.92,31.69,22.53
1182704,15.01,12.68,15.01,26.76,5.30,9.22,31.69,23.70
1183710,16.65,13.05,19.00,28.87,5.70,9.75,30.75,22.29
1184714,16.18,13.78,14.88,26.76,5.21,9.31,31.69,23.00
1185720,14.76,12.68,16.18,23.70,5.26,9.46,32.87,21.59
1186724,16.42,13.78,14.51,26.99,5.45,9.31,32.63,24.17
1187729,14.51,13.54,16.65,25.58,5.26,9.65,31.69,21.35
1188734,14.15,11.70,16.65,25.35,5.70,9.75,31.69,21.82
1189739,16.42,13.29,15.71,24.64,5.35,9.46,30.75,23.94
1190745,15.71,12.44,14.64,25.11,5.30,9.31,32.87,24.17
1191749,16.65,13.17,16.65,27.23,5.45,9.26,30.75,22.29
1192755,16.42,12.80,16.42,25.82,5.21,9.65,31.69,21.59
1193759,14.51,11.70,15.01,26.05,5.21,9.17,31.93,23.47
1194764,14.51,13.66,16.42,25.58,5.26,9.90,32.40,25.58
1195769,14.39,12.68,16.42,23.70,5.26,9.26,31.22,22.76
1196774,17.12,13.29,14.88,26.29,5.60,10.48,30.28,23.94
1197779,16.65,12.93,14.76,25.58,5.21,9.26,32.40,23.47
1198784,14.39,13.66,16.42,26.76,5.35,9.36,30.99,22.76
1199790,16.42,12.31,15.71,24.64,5.55,9.61,30.05,20.18
1200794,16.18,13.17,14.64,26.52,5.60,9.65,30.75,21.59
1201799,15.95,14.02,16.89,25.58,5.21,9.70,32.87,23.47
1202804,15.71,13.41,16.42,24.64,5.74,9.80,30.75,21.35
1203809,15.71,12.93,17.12,26.99,5.45,9.41,30.75,23.94
1204814,16.65,12.80,16.65,25.82,5.21,9.26,33.34,23.00
1205819,15.71,13.41,15.48,26.05,5.74,9.75,31.22,21.82
1206824,14.88,12.07,15.24,24.41,5.40,9.41,33.34,22.29
1207829,15.95,13.41,16.18,26.76,6.04,9.17,32.40,23.94
1208834,14.88,13.41,15.71,26.99,5.30,9.41,30.99,24.88
1209839,16.65,12.93,15.24,23.23,5.65,9.70,29.34,21.82
1210844,16.89,13.29,14.88,26.05,5.21,9.26,31.93,23.23
1211849,17.83,13.54,16.42,23.70,5.35,9.31,32.63,22.29
1212854,15.95,13.78,15.48,26.29,5.55,9.61,30.75,21.59
1213859,14.88,13.78,17.12,26.05,5.70,9.70,32.63,21.82
1214864,15.24,13.78,17.59,26.52,5.45,9.26,30.75,23.23
1215868,14.76,14.02,16.65,26.99,5.60,9.65,30.28,23.23
1216874,14.51,12.56,14.88,25.82,5.21,9.26,31.46,22.53
1217879,16.42,13.66,16.42,25.58,5.84,9.65,30.75,22.06
1218884,15.71,12.56,14.51,23.94,5.50,9.36,33.34,22.29
1219889,14.64,13.17,16.18,26.76,5.30,9.46,30.75,21.59
1220894,16.42,13.29,14.76,25.11,5.11,9.75,31.46,21.59
1221899,18.77,14.02,14.76,26.29,5.55,9.56,30.52,21.35
1222903,16.18,12.93,17.36,26.76,5.55,9.22,32.87,23.23
1223909,14.76,12.56,14.51,24.17,5.16,9.07,30.99,20.41
1224913,16.42,13.41,17.36,26.76,5.11,9.22,32.40,23.70
1225919,14.88,12.93,15.71,24.64,5.55,9.51,30.52,23.23
1226924,14.88,13.29,16.42,26.99,5.26,9.36,33.10,23.47
1227928,15.95,13.78,16.89,23.70,5.40,9.36,30.99,23.94
1228934,16.89,13.41,16.42,26.99,5.35,9.36,32.87,23.94
1229938,16.89,13.54,16.65,25.11,5.70,9.85,31.22,22.06
1230944,16.89,12.80,16.42,26.05,5.70,9.75,30.52,21.59
1231948,15.01,12.93,16.42,26.52,5.26,8.87,33.57,23.00
1232954,16.65,13.17,15.71,24.17,5.99,9.65,30.75,24.64
1233958,16.65,12.80,14.64,26.52,5.26,9.02,32.16,23.47
1234963,16.42,13.54,14.88,24.88,5.50,10.11,32.16,23.94
1235969,16.65,13.17,15.48,26.05,5.26,9.26,32.87,24.17
1236973,15.95,13.78,14.02,26.99,5.45,9.26,33.10,23.94
1237979,15.71,12.44,14.64,25.11,5.26,9.22,32.87,23.23
1238983,14.88,13.90,15.48,25.82,5.21,9.26,32.87,23.94
1239989,15.01,13.90,13.90,26.76,5.30,9.31,31.22,24.17
1240993,14.64,12.80,14.88,26.76,5.30,9.26,31.69,23.23
1241998,15.24,13.54,14.64,24.88,5.26,9.80,33.34,22.76
1243003,14.51,12.80,15.95,26.05,5.16,9.17,32.40,23.47
1244008,17.12,13.90,16.42,25.58,5.74,9.75,30.99,21.82
1245014,16.65,13.41,16.42,24.88,5.50,9.41,33.57,23.70
1246018,14.64,13.78,14.88,26.76,5.21,9.22,31.46,23.23
1247024,16.42,12.56,15.01,24.88,5.94,9.61,30.28,23.70
1248028,14.76,12.44,14.51,27.23,5.21,9.22,31.46,23.00
1249033,16.89,14.15,15.95,24.88,6.09,9.41,33.10,24.41
1250038,16.18,13.17,16.18,24.88,5.50,9.02,31.69,21.59
1251043,17.12,13.66,16.18,25.82,5.26,9.31,32.16,23.47
1252048,17.36,13.17,15.95,23.47,5.74,9.75,30.99,22.53
1253053,14.88,13.78,16.89,26.99,5.45,9.56,33.34,26.05
1254059,16.18,13.05,14.76,24.64,5.74,9.65,30.75,23.47
1255063,15.71,12.80,15.95,26.99,5.45,9.41,32.87,23.94
1256068,18.77,12.93,15.95,26.99,5.60,9.65,30.28,24.41
1257073,15.24,12.56,14.39,24.41,5.40,9.26,31.46,21.59
1258078,14.64,13.29,16.65,26.99,5.55,9.56,32.63,23.70
1259083,15.01,12.80,16.18,24.41,5.65,9.75,30.05,22.06
1260088,16.89,13.41,16.18,25.82,5.30,9.36,32.87,23.94
1261092,15.71,12.93,14.64,24.41,5.60,9.65,32.87,20.41
1262098,15.71,12.68,16.65,27.23,5.30,9.31,30.99,22.53
1263102,16.65,13.90,16.65,26.52,5.74,9.26,31.69,23.94
1264108,16.42,12.93,15.01,24.64,5.65,9.65,32.16,23.70
1265113,14.76,13.66,17.59,26.52,5.11,9.26,32.87,23.70
1266118,15.24,13.41,15.48,24.64,5.35,9.80,33.34,22.29
1267123,14.64,13.41,16.65,27.70,5.35,9.46,33.34,23.47
1268127,14.88,13.41,16.42,24.17,5.30,9.41,33.34,22.06
1269133,15.01,12.44,14.51,24.88,5.45,9.36,31.22,22.29
1270137,17.59,13.41,15.01,24.88,5.65,9.70,32.16,23.47
1271143,14.64,12.93,14.76,25.82,5.16,10.73,31.69,22.06
1272147,16.89,14.02,16.18,28.64,5.06,9.80,30.75,22.29
1273153,14.76,12.56,13.90,26.52,5.55,9.31,33.34,22.29
1274158,15.71,13.54,16.65,26.99,5.40,9.75,30.99,21.59
1275162,16.42,13.90,16.42,25.11,5.06,8.87,33.10,23.47
1276168,16.65,12.44,15.71,24.41,5.60,9.65,32.87,22.76
1277172,14.64,13.41,17.12,27.23,5.30,9.22,32.87,23.00
1278178,15.24,13.90,14.64,24.64,5.55,9.51,30.52,21.59
1279182,15.95,14.51,16.65,26.05,5.50,9.56,30.52,20.41
1280188,16.18,14.51,14.76,24.64,5.55,9.61,30.75,23.23
1281192,14.76,11.83,14.64,27.70,5.55,9.61,33.34,23.47
1282197,14.88,12.93,14.76,26.76,5.40,9.41,30.99,23.47
1283203,14.64,11.70,16.89,25.58,5.16,8.92,32.87,22.29
1284207,14.76,13.90,16.42,26.29,5.16,9.17,32.87,23.00
1285213,16.42,12.31,14.76,25.82,5.06,9.22,32.40,22.76
1286217,16.42,13.41,15.48,25.11,5.45,9.36,33.10,23.94
1287222,16.42,13.29,15.01,26.99,5.55,9.26,32.87,23.47
1288227,14.64,12.07,16.42,27.23,5.21,9.17,32.40,23.94
1289232,14.39,13.90,16.89,26.99,5.65,9.51,30.52,22.76
1290237,15.71,12.56,14.64,24.88,5.45,9.26,33.34,24.64
1291242,14.88,14.15,16.18,26.76,5.40,9.31,33.57,24.17
1292248,15.24,14.02,14.51,24.64,5.45,9.65,29.34,23.00
1293252,14.64,12.80,16.65,26.05,5.70,9.70,30.75,22.29
1294257,14.39,14.15,15.01,26.29,5.11,9.56,32.40,23.47
1295262,14.15,12.07,16.42,26.05,5.60,9.70,33.34,24.17
1296267,13.90,12.80,14.64,26.29,5.55,9.41,30.75,22.06
1297272,15.48,12.68,15.71,23.47,5.40,9.46,33.34,22.06
1298277,16.89,12.68,14.76,25.35,5.55,9.61,31.69,21.82
1299281,5.60,5.30,5.99,6.23,2.91,5.16,5.60,6.18
1300287,14.15,13.17,14.88,25.82,6.38,8.97,33.10,22.53
1301292,14.39,12.80,15.95,24.88,6.58,9.36,31.93,20.65
1302296,15.95,12.56,14.02,25.58,5.84,9.46,31.69,19.94
1303302,13.90,13.41,15.24,22.06,5.74,8.48,32.40,23.23
1304306,6.43,6.18,6.09,6.58,2.32,5.70,6.28,6.38
1305311,3.94,3.74,3.59,3.89,2.18,2.91,3.25,3.45
1306315,2.76,2.76,3.15,3.20,2.18,2.27,2.91,2.96
1307320,2.47,2.47,2.27,2.32,2.52,2.27,2.32,2.27
1308324,2.27,2.32,2.13,2.13,2.42,1.64,2.03,1.88
1309329,1.74,1.79,1.79,1.74,2.71,1.64,2.13,2.03
1310334,1.54,1.59,1.98,1.83,2.71,1.59,1.59,1.44
1311339,1.74,1.69,1.74,1.39,2.76,1.49,1.49,1.54
1312344,1.39,1.79,1.39,1.39,2.96,1.25,1.44,1.59
1313348,1.35,1.69,1.39,1.30,2.71,1.35,1.54,1.25
1314353,1.15,1.49,1.44,1.20,2.76,1.30,1.54,1.44
1315357,1.10,1.20,1.25,1.20,2.81,1.35,1.39,1.10
1316362,1.25,1.20,1.20,1.15,3.01,1.15,1.59,1.05
1317366,1.20,1.20,1.20,1.05,2.91,1.20,1.39,1.25
1318371,1.30,1.30,1.25,1.30,3.15,1.30,1.59,1.35
1319375,1.30,1.35,1.25,1.20,3.11,0.81,1.15,0.91
1320380,1.39,1.30,1.20,0.91,2.91,0.91,1.20,1.20
1321384,0.86,0.96,1.20,0.91,2.96,0.86,1.15,1.00
1322389,1.00,1.00,1.35,1.15,3.11,0.76,1.05,1.20
1323394,1.30,1.30,1.25,1.05,3.11,1.05,1.00,1.20
1324398,0.96,1.15,0.96,1.00,3.11,0.76,1.30,1.00
1325403,1.35,1.25,0.96,0.86,3.30,1.00,1.25,1.00
1326407,0.86,1.25,0.91,0.86,3.30,0.96,1.30,1.10
1327412,1.05,0.86,1.00,0.81,3.11,1.10,1.00,1.05
1328416,0.91,1.00,0.91,0.86,3.25,1.00,1.25,1.00
1329421,1.20,0.96,1.25,1.20,3.11,0.76,1.35,1.05
1330425,1.05,1.00,0.96,0.91,3.45,1.05,0.96,0.81
1331430,0.81,0.91,1.15,0.91,3.25,0.91,0.91,0.71
1332434,1.10,0.76,0.96,0.86,3.25,1.00,1.30,1.10
1333440,0.91,0.91,1.20,0.81,3.15,0.66,0.91,0.66
1334445,0.76,0.86,0.76,0.71,3.20,1.00,1.00,0.81
1335449,0.86,0.81,0.91,0.76,3.25,0.61,0.91,0.66
1336454,1.15,1.20,1.10,0.71,3.11,0.81,1.10,0.66
1337458,1.00,0.91,0.86,0.71,3.20,0.86,1.15,0.86
1338463,0.96,1.10,1.10,0.81,3.25,0.61,0.91,0.66
1339467,0.61,0.76,0.76,0.96,3.35,0.76,1.10,0.76
1340472,0.86,0.76,0.76,0.71,3.30,0.71,1.05,0.81
1341476,0.76,0.81,0.86,0.86,3.35,0.81,1.20,0.71
1342481,0.76,0.86,0.71,0.66,3.20,0.91,1.25,1.00
1343485,0.81,0.86,0.81,0.71,3.20,0.76,1.15,0.96
1344490,0.91,0.91,0.81,0.76,3.30,0.61,0.86,0.86
1345495,1.10,0.71,0.66,1.00,3.30,0.56,0.86,0.61
1346499,0.96,0.91,0.86,0.56,3.25,0.56,0.91,0.71
1347504,0.66,0.76,0.61,0.56,3.25,0.52,0.91,0.66
1348508,0.71,0.81,0.71,0.61,3.20,0.52,1.05,0.71
1349513,0.56,1.10,1.05,0.91,3.40,0.76,1.00,0.52
1350517,0.52,0.71,0.66,0.61,3.30,0.66,1.00,0.71
1351522,0.96,0.66,0.66,0.56,3.30,0.61,0.96,0.56
1352526,0.61,0.71,0.66,0.56,3.15,0.66,0.96,0.81
1353531,0.56,0.71,0.76,0.71,3.35,0.47,0.76,0.52
1354535,0.96,0.66,0.61,0.61,3.45,0.52,1.10,0.86
1355540,0.61,0.81,0.76,0.76,3.64,0.47,0.76,0.52
1356545,0.56,1.44,0.71,0.61,3.35,0.81,1.05,0.76
1357549,0.56,0.61,0.56,0.52,3.40,0.61,0.86,0.61
1358554,0.56,0.61,0.56,0.52,3.40,0.56,0.86,0.56
1359558,0.66,0.71,0.66,0.56,3.45,0.71,1.00,0.47
1360563,0.66,0.66,0.66,0.56,3.40,0.47,0.66,0.47
1361567,0.66,0.66,0.71,0.61,3.35,0.81,1.05,0.81
1362572,0.47,0.61,0.61,0.52,3.35,0.86,1.10,0.86
1363576,0.81,0.86,0.81,0.66,3.50,0.56,0.86,0.56
1364581,0.52,0.76,0.71,0.66,3.50,0.47,0.76,0.52
1365585,0.86,0.86,0.71,0.71,3.45,0.81,1.05,0.61
1366590,0.91,0.96,0.52,0.52,3.40,0.47,0.81,0.56
1367595,0.61,0.71,0.66,0.61,3.45,0.61,0.96,0.76
1368599,0.56,0.71,0.76,0.76,3.55,0.71,1.00,0.56
1369604,0.71,0.81,0.86,0.81,3.59,0.81,1.10,0.47
1370608,0.71,0.71,0.66,0.52,3.40,0.52,0.71,0.52
1371613,0.76,0.76,0.71,0.66,3.45,0.47,0.76,0.47
1372617,0.71,0.81,0.76,0.71,3.59,0.66,0.66,0.81
1373622,0.42,0.91,0.86,0.61,3.40,0.47,0.76,0.47
1374626,0.42,1.00,0.61,0.52,3.64,0.71,0.76,0.52
1375631,0.52,0.56,0.61,0.61,3.74,0.81,0.71,0.47
1376635,0.76,0.86,0.66,0.66,3.40,0.61,0.66,0.42
1377640,0.52,0.52,0.71,0.66,3.55,0.66,0.61,0.42
1378644,0.91,1.00,0.91,0.86,3.35,0.52,0.71,0.32
1379649,0.42,0.91,0.52,0.52,3.45,0.42,1.00,0.47
1380654,0.42,0.96,0.52,0.42,3.55,0.42,1.05,0.42
1381658,0.47,0.96,0.56,0.71,3.50,0.56,0.61,0.42
1382663,0.56,0.52,0.61,0.56,3.59,0.71,0.71,0.47
1383667,0.42,0.96,0.47,0.86,3.35,0.47,0.76,0.56
1384673,0.56,0.81,0.71,0.66,3.64,0.71,1.05,0.52
1385677,0.81,0.76,0.71,0.61,3.55,0.47,0.71,0.47
1386682,0.47,0.96,0.52,0.56,3.45,0.56,0.91,0.76
1387686,0.47,0.71,0.71,0.76,3.59,0.76,1.00,0.42
1388691,0.86,0.56,0.47,0.71,3.64,0.71,1.05,0.42
1389696,0.61,0.66,0.56,0.52,3.55,0.42,0.66,0.66
1390700,0.52,0.61,0.47,0.71,3.64,0.66,1.05,0.42
1391705,0.47,0.96,0.47,0.81,3.59,0.61,0.86,0.37
1392709,0.61,0.76,0.81,0.76,3.64,0.76,0.96,0.66
1393714,0.66,0.61,0.61,0.52,3.69,0.71,0.96,0.52
1394718,0.71,0.76,0.66,0.56,3.55,0.71,1.00,0.42
1395723,0.42,0.52,0.56,0.56,3.45,0.71,1.00,0.42
1396727,0.42,0.66,0.61,0.61,3.59,0.37,0.61,0.37
1397732,0.37,0.52,0.52,0.76,3.74,0.37,0.71,0.52
1398736,0.76,0.86,0.86,0.86,3.64,0.37,0.71,0.56
1399741,0.66,0.71,0.56,0.56,3.50,0.37,0.66,0.37
1400745,0.47,0.66,0.66,0.71,3.74,0.27,0.61,0.42
1401750,0.66,0.76,0.76,0.71,3.74,0.27,0.56,0.42
1402755,0.37,0.52,0.66,0.61,3.55,0.61,0.96,0.17
1403759,0.66,0.81,0.76,0.76,3.64,0.32,0.71,0.47
1404764,0.81,0.86,0.86,0.76,3.79,0.32,0.61,0.42
1405768,0.47,0.56,0.47,0.47,3.55,0.66,0.96,0.42
1406773,0.47,0.61,0.61,0.56,3.55,0.27,0.61,0.32
1407777,0.86,0.86,0.76,0.66,3.59,0.52,0.56,0.32
1408782,0.56,0.71,0.71,0.76,3.74,0.32,0.66,0.47
1409786,0.37,0.47,0.37,0.37,3.50,0.27,0.56,0.71
1410791,0.47,0.61,0.52,0.76,3.74,0.61,0.86,0.32
1411795,0.81,0.91,0.76,0.37,3.35,0.27,0.52,0.32
1412800,0.37,0.47,0.42,0.71,3.69,0.52,0.76,0.52
1413805,0.71,0.86,0.81,0.76,3.74,0.56,0.81,0.56
1414809,0.42,0.56,0.47,0.66,3.69,0.47,0.76,0.52
1415814,0.32,0.47,0.42,0.76,3.69,0.56,0.86,0.61
1416818,0.32,0.86,0.81,0.76,3.69,0.56,0.86,0.32
1417823,0.71,0.86,0.76,0.42,3.55,0.27,0.61,0.37
1418827,0.86,0.52,0.71,0.61,3.59,0.42,0.96,0.76
1419832,0.27,0.86,0.52,0.56,3.45,0.22,0.76,0.52
1420836,0.76,0.81,0.37,0.76,3.55,0.42,0.56,0.61
1421841,0.32,0.81,0.42,0.76,3.50,0.27,0.61,0.42
1422845,0.32,0.81,0.37,0.76,3.45,0.37,0.61,0.32
1423850,0.76,0.81,0.52,0.52,3.40,0.52,0.56,0.71
1424855,0.56,0.47,0.56,0.42,3.55,0.32,0.91,0.61
1425859,0.32,0.47,0.52,0.42,3.84,0.56,0.71,0.52
1426864,1.39,0.71,0.37,0.66,3.45,0.27,0.66,0.42
1427868,0.32,0.86,0.42,0.71,3.50,0.42,0.61,0.32
1428873,0.37,0.81,0.37,0.76,3.50,0.37,0.66,0.52
1429878,0.71,0.86,0.71,0.61,3.74,0.47,0.66,0.32
1430883,0.32,0.86,0.71,0.61,3.74,0.42,0.71,0.42
1431887,0.37,0.76,0.61,0.52,3.69,0.61,0.96,0.66
1432892,0.37,0.86,0.81,0.71,3.69,0.47,0.71,0.42
1433896,0.66,0.37,0.42,0.71,3.74,0.52,0.71,0.52
1434901,0.76,0.76,0.56,0.32,3.45,0.37,0.71,0.56
1435906,0.76,0.86,0.76,0.71,3.74,0.47,0.71,0.47
1436910,0.47,0.56,0.47,0.47,3.64,0.47,0.86,0.66
1437915,0.37,0.86,0.81,0.71,3.79,0.42,0.81,0.61
1438919,0.52,0.66,0.66,0.66,3.74,0.22,0.61,0.42
1439924,0.66,0.81,0.76,0.71,3.74,0.32,0.76,0.52
1440928,0.42,0.56,0.47,0.42,3.59,0.52,0.71,0.52
1441933,0.61,0.81,0.76,0.71,3.74,0.37,0.66,0.47
1442937,0.61,0.71,0.76,0.71,3.69,0.27,0.66,0.52
1443942,0.37,0.47,0.42,0.32,3.40,0.22,0.42,0.27
1444946,0.47,0.66,0.61,0.66,3.84,0.17,0.56,0.32
1445951,0.76,0.81,0.66,0.52,3.69,0.17,0.52,0.52
1446956,0.37,0.42,0.42,0.42,3.59,0.22,0.52,0.56
1447960,0.22,0.37,0.37,0.32,3.55,0.27,0.61,0.32
1448965,0.37,0.56,0.47,0.37,3.59,0.52,0.66,0.47
1449969,0.42,0.42,0.37,0.32,3.55,0.42,0.66,0.42
1450974,0.47,0.42,0.32,0.27,3.50,0.17,0.52,0.42
