=~=~=~=~=~=~=~=~=~=~=~= PuTTY log 2017.08.13 08:07:50 =~=~=~=~=~=~=~=~=~=~=~=
9,9,44.36,34.98,40.92,55.89,31.27
19203,30.10,15.69,30.42,44.42,34.98,40.97,55.86,31.22
20213,30.10,15.19,30.28,44.54,35.12,40.87,55.79,31.13
21224,29.86,15.45,30.47,44.31,34.94,41.10,55.99,31.18
22235,29.91,15.62,30.52,44.54,34.84,40.99,55.81,31.46
23245,29.91,15.29,30.52,44.34,34.94,40.94,56.02,31.08
24256,29.81,15.43,30.57,44.44,35.22,40.81,55.89,31.46
25267,30.14,15.41,30.57,44.36,35.17,40.94,56.04,31.13
26278,30.10,15.05,30.57,44.42,34.89,40.79,55.89,31.13
27289,30.00,15.48,30.47,44.29,34.89,40.89,55.86,31.04
28300,29.91,15.78,30.38,44.34,35.03,41.05,55.84,31.04
29310,29.95,15.45,30.52,44.36,35.17,40.87,55.81,31.22
30321,29.95,15.07,30.38,44.36,35.08,40.97,55.81,31.36
31332,30.28,15.57,30.38,44.31,35.12,40.92,55.89,31.46
32343,30.19,15.50,30.38,44.31,35.12,40.87,55.79,31.32
33353,29.86,15.33,30.24,44.47,35.22,41.02,55.84,31.55
34364,30.33,15.45,30.38,44.42,35.12,41.10,56.04,31.51
35375,29.91,15.62,30.33,44.49,34.80,40.81,55.99,31.22
36385,29.77,15.41,30.52,44.54,34.98,40.99,55.92,31.08
37396,29.86,15.53,30.14,44.42,35.03,40.97,56.04,31.22
38407,30.10,15.31,30.38,44.44,35.03,40.84,55.84,31.08
39417,30.05,15.69,30.33,44.34,34.98,40.81,55.86,31.27
40428,29.95,15.50,30.42,44.47,34.80,40.92,55.92,31.08
41439,29.77,15.43,30.47,44.29,34.98,40.94,55.81,31.22
42449,30.00,15.48,30.38,44.36,34.98,41.02,55.81,31.55
43460,29.81,15.33,30.38,44.39,34.98,41.02,56.02,31.27
44472,29.81,15.31,30.57,44.44,35.22,40.92,55.81,31.22
45483,29.95,15.55,30.42,44.29,34.89,40.94,55.79,31.36
46493,30.24,15.29,30.28,44.47,34.84,40.84,55.89,31.04
47504,29.95,15.57,30.47,44.26,35.08,40.99,55.84,30.94
48515,30.28,15.29,30.47,44.34,34.98,40.92,55.81,31.13
49525,29.86,15.53,30.19,44.29,34.94,40.92,56.02,31.22
50536,30.00,15.45,30.28,44.36,35.17,40.94,55.97,31.55
51547,29.95,15.31,30.38,44.36,35.08,40.84,55.92,31.36
52557,29.95,15.53,30.33,44.31,34.89,41.07,55.99,31.22
53568,29.91,15.41,30.00,44.49,34.98,41.02,55.84,31.32
54579,29.86,15.57,30.24,44.39,34.94,40.97,56.02,31.27
55589,30.14,15.24,30.33,44.36,35.08,40.89,55.89,31.08
56600,30.05,15.43,30.38,44.36,34.98,41.12,55.94,31.08
57611,29.72,15.71,30.61,44.52,35.12,40.99,55.99,31.13
58621,29.86,15.67,30.33,44.31,35.03,40.89,55.89,31.04
59632,30.05,15.45,30.57,44.42,34.98,41.07,55.97,31.27
60644,29.95,15.50,30.42,44.24,35.03,40.94,55.84,31.22
61655,30.19,15.48,30.47,44.42,34.89,41.05,55.86,31.60
62665,29.81,15.53,30.24,44.49,34.98,40.84,55.92,31.18
63676,30.14,15.31,30.42,44.31,35.12,40.89,55.89,31.04
64687,29.91,15.43,30.28,44.34,35.17,40.92,55.76,31.08
65697,29.91,15.64,30.14,44.29,35.08,41.05,55.86,31.41
66708,30.10,15.53,30.33,44.42,34.94,40.94,56.02,31.32
67719,29.67,15.57,30.28,44.36,34.84,40.89,55.86,31.36
68729,30.14,15.59,30.47,44.36,34.94,40.94,55.89,31.55
69740,30.10,15.29,30.42,44.42,35.27,41.05,55.84,31.46
70751,30.19,15.55,30.24,44.54,34.89,41.07,55.94,31.41
71761,29.77,15.71,30.33,44.39,35.27,40.92,55.89,31.22
72772,30.00,15.52,30.33,44.36,35.08,40.94,55.99,31.22
73783,30.00,15.41,30.19,44.36,34.84,40.97,55.81,31.27
74793,29.86,15.50,30.42,44.29,35.03,40.81,55.89,31.41
75804,29.95,15.45,30.42,44.42,34.84,41.05,55.92,31.08
76816,29.91,15.59,30.47,44.31,34.98,40.87,55.99,31.08
77827,30.10,15.31,30.33,44.36,35.12,41.10,55.84,31.46
78837,29.95,15.57,30.57,44.34,34.98,40.92,55.84,31.22
79848,30.05,15.38,30.24,44.34,35.03,40.97,55.97,31.32
80859,30.24,15.26,30.28,44.47,34.89,41.05,55.81,31.08
81869,29.95,15.48,30.47,44.36,34.98,40.92,55.86,31.41
82880,29.86,15.45,30.38,44.39,34.98,40.92,55.89,31.51
83891,30.10,15.43,30.28,44.34,34.98,40.99,55.71,31.41
84901,30.24,15.24,30.28,44.42,34.98,41.07,55.99,31.04
85912,30.14,15.26,29.95,44.36,35.22,41.02,55.84,31.51
86923,30.19,15.57,30.38,44.29,34.98,40.89,55.81,31.18
87933,30.19,15.53,30.24,44.31,35.03,40.92,55.84,31.13
88944,29.63,15.62,30.14,44.26,35.08,41.12,55.94,31.04
89955,29.86,15.53,30.33,44.36,35.17,41.07,56.04,31.22
90966,30.05,15.48,30.47,44.49,35.27,40.84,55.79,31.08
91976,29.91,15.36,30.52,44.31,34.84,40.94,55.89,31.13
92988,29.86,15.62,30.47,44.47,34.98,40.89,55.86,31.08
93999,30.14,15.21,30.24,44.36,34.98,40.97,55.99,31.22
95009,29.77,15.78,30.42,44.39,35.31,40.94,55.99,31.22
96020,30.05,15.55,30.52,44.39,35.27,40.89,56.02,31.04
97031,30.14,15.41,30.33,44.36,34.80,40.79,55.79,31.46
98041,30.28,15.59,30.33,44.44,34.84,41.05,55.86,31.32
99052,30.14,15.24,30.42,44.42,35.17,40.87,55.76,31.36
100063,30.10,15.50,30.42,44.34,34.98,40.92,55.99,31.18
101073,29.77,15.50,30.24,44.31,34.80,41.07,55.81,31.46
102084,29.81,15.43,30.19,44.54,35.03,40.79,55.84,31.18
103095,30.00,15.69,30.42,44.47,34.89,40.81,55.99,31.08
104105,29.95,15.59,30.42,44.52,35.17,40.84,56.07,31.18
105116,29.86,15.53,30.42,44.31,34.98,40.97,55.84,31.18
106128,29.95,15.59,30.52,44.29,34.89,40.87,56.02,31.18
107139,29.86,15.26,30.33,44.39,35.12,40.92,55.86,31.04
108149,29.72,15.76,30.28,44.52,34.98,40.92,55.79,31.41
109160,30.05,15.53,30.28,44.31,35.03,41.05,55.99,31.04
110171,30.05,15.62,30.42,44.34,34.84,40.99,55.86,31.18
111181,30.00,15.45,30.28,44.34,34.75,40.94,55.81,31.55
112192,29.95,15.40,30.38,44.29,35.08,40.97,55.89,31.46
113203,29.86,15.62,30.24,44.36,34.80,41.02,56.02,31.13
114213,29.81,15.57,30.28,44.49,35.08,41.10,56.02,31.41
115224,30.05,15.26,30.38,44.31,34.98,40.99,55.81,31.22
116236,30.10,15.41,30.33,44.31,34.98,40.81,55.81,31.32
117246,29.77,15.33,30.42,44.36,34.94,41.02,56.02,31.18
118257,29.86,15.73,30.38,44.34,34.80,40.79,55.94,31.04
119268,30.05,15.53,30.42,44.49,35.08,40.87,55.97,31.13
120279,30.00,15.62,30.14,44.26,34.98,40.87,55.79,31.22
121289,29.91,15.43,30.28,44.47,35.22,40.79,55.97,31.08
122300,30.00,15.45,30.47,44.42,35.22,40.92,55.86,31.08
123311,30.05,15.31,30.19,44.29,34.89,40.89,55.81,31.36
124321,29.95,15.48,30.38,44.36,35.12,41.02,56.02,31.27
125333,30.05,15.38,30.24,44.39,34.98,40.94,55.84,31.22
126344,29.95,15.29,30.38,44.36,34.89,40.92,55.79,30.94
127354,30.14,15.12,30.28,44.42,34.89,41.17,55.97,31.36
128365,29.86,15.62,30.14,44.44,34.80,41.15,55.92,31.13
129376,30.24,15.31,30.47,44.47,35.17,40.99,55.92,31.13
130386,29.81,15.57,30.28,44.36,34.80,41.10,55.79,31.18
131397,29.91,15.26,30.42,44.31,34.80,40.84,55.92,31.18
132408,29.86,15.43,30.42,44.34,34.89,40.97,55.84,31.18
133419,29.77,15.69,30.57,44.34,34.84,41.12,55.79,31.18
134429,29.95,15.57,30.38,44.31,35.22,40.92,55.89,31.04
135441,29.77,15.45,30.38,44.34,34.94,40.94,56.04,31.13
136452,29.91,15.31,30.33,44.42,34.89,41.12,56.02,31.18
137462,30.05,15.45,30.52,44.36,35.17,41.07,55.79,31.46
138473,30.24,15.64,30.42,44.31,34.89,41.15,55.94,31.32
139484,30.24,15.33,30.24,44.29,34.98,40.89,55.84,31.18
140494,30.19,15.50,30.33,44.31,34.89,40.87,55.86,31.13
141505,29.95,15.43,30.14,44.29,34.80,41.10,55.99,31.18
142516,30.05,15.48,30.38,44.34,34.89,41.05,55.92,31.18
143526,29.81,15.64,30.24,44.36,34.94,41.20,55.99,31.22
144538,29.86,15.17,30.14,44.39,34.98,40.94,55.92,31.32
145549,29.81,15.17,30.28,44.44,34.98,40.97,55.81,31.32
146560,29.91,14.10,30.28,44.42,35.17,41.05,55.97,31.46
147570,29.91,17.03,30.28,44.36,34.84,40.97,55.89,31.18
148581,30.33,15.09,30.61,44.42,35.27,40.92,55.86,31.36
149592,29.91,16.00,30.14,44.31,35.17,40.87,55.92,31.13
150602,29.86,14.07,30.33,44.42,35.08,41.15,55.79,31.08
151613,30.10,14.32,30.24,44.36,34.75,40.92,55.79,31.36
152624,29.91,14.73,30.28,44.31,34.84,41.10,55.81,31.13
153634,30.05,15.59,30.57,44.39,35.17,41.10,55.99,31.08
154646,29.81,15.62,30.24,44.29,35.17,41.12,55.92,31.04
155657,30.28,15.02,30.52,44.34,35.12,40.89,55.79,31.27
156667,29.95,14.27,30.28,44.34,34.98,40.94,55.84,31.36
157678,30.00,14.88,30.19,44.36,34.94,41.12,56.10,31.36
158689,29.91,15.19,30.24,44.39,35.08,40.97,55.81,31.46
159699,29.58,14.96,30.24,44.54,34.89,41.05,55.92,31.22
160710,30.05,14.98,30.38,44.36,34.94,40.97,55.89,31.18
161721,29.95,15.00,30.33,44.31,35.17,41.12,56.04,31.36
162732,29.91,14.95,30.38,44.52,35.12,40.99,55.97,31.36
163742,30.05,14.95,30.47,44.31,35.27,40.92,56.04,31.13
164754,29.91,14.97,30.47,44.36,34.89,40.94,56.07,31.22
165765,30.10,14.73,30.19,44.29,35.12,40.92,55.81,31.22
166775,29.91,15.00,30.47,44.52,34.75,41.10,55.84,31.41
167786,30.14,15.20,30.10,44.42,34.98,40.92,55.81,31.41
168797,29.91,14.88,30.38,44.36,34.84,41.02,55.79,31.13
169807,30.00,14.78,30.57,44.42,35.22,41.12,55.86,31.08
170818,29.95,14.88,30.38,44.29,35.03,40.97,55.81,31.46
171829,29.95,15.16,30.47,44.29,35.17,40.89,55.92,31.04
172839,30.28,14.91,30.33,44.52,35.08,40.99,55.94,31.13
173850,29.91,15.12,30.28,44.31,34.84,41.12,55.84,31.22
174862,30.05,15.24,30.47,44.44,35.08,40.92,56.02,31.22
175873,29.86,14.98,30.14,44.29,34.98,40.99,55.79,31.32
176883,29.95,15.00,30.52,44.31,34.75,40.94,55.92,31.22
177894,30.14,-0.52,30.47,44.47,34.94,41.17,55.81,31.22
178905,30.10,-0.79,30.33,44.47,34.89,40.92,55.97,31.41
179915,29.72,-0.71,30.47,44.52,34.84,41.07,55.92,31.13
180926,29.91,-0.72,30.24,44.26,34.94,41.07,55.94,31.18
181937,29.81,-0.62,30.28,44.31,35.22,40.87,55.94,31.32
182947,29.86,4.64,30.24,44.29,35.22,40.94,55.84,31.18
183958,29.91,-0.35,30.10,44.31,35.12,40.94,55.81,31.08
184969,30.05,-0.11,30.61,44.49,35.03,41.10,55.84,31.41
185979,30.10,-0.26,30.52,44.44,34.94,41.12,55.84,31.32
186990,29.86,-0.08,30.28,44.36,35.08,41.02,55.79,31.04
188001,29.86,-0.10,30.42,44.52,34.84,41.15,55.81,31.32
189011,29.91,-0.25,30.28,44.39,34.98,41.12,55.79,31.08
190022,30.19,-0.23,30.61,44.47,34.75,40.99,55.89,31.08
191033,29.95,-0.12,30.33,44.39,34.98,40.97,55.99,31.27
192044,30.05,-0.17,30.38,44.44,34.80,40.97,55.84,31.04
193054,29.95,-0.16,30.47,44.34,34.80,40.97,55.86,31.41
194065,29.81,-0.10,30.38,44.47,34.89,41.15,55.79,31.13
195076,30.10,-0.19,30.52,44.44,34.84,40.97,55.99,31.22
196086,29.91,-0.08,30.38,44.47,34.80,40.89,55.92,31.18
197097,29.95,-0.16,30.24,44.31,34.80,40.92,55.81,31.13
198108,30.05,-0.08,30.24,44.31,35.08,40.99,55.92,31.51
199118,29.81,-0.07,30.52,44.44,34.89,40.94,56.04,31.18
200129,29.95,-0.08,30.66,44.52,34.89,40.94,55.97,31.46
201140,30.14,-0.22,30.61,44.47,34.84,40.94,55.99,31.13
202150,29.77,-0.17,30.71,44.47,34.80,40.89,55.84,31.13
203161,29.86,-0.11,30.33,44.34,34.98,40.94,55.84,31.41
204172,30.14,-0.24,30.33,44.39,34.80,40.94,55.84,31.32
205182,29.91,-0.23,30.42,44.39,34.94,40.94,56.02,31.04
206193,29.81,-0.11,30.47,44.52,34.84,40.97,55.97,31.46
207204,29.91,-0.07,30.28,44.42,34.89,41.17,55.81,31.22
208215,30.28,-0.23,30.66,44.44,35.31,40.92,55.92,31.18
209225,29.95,-0.11,30.28,44.39,35.17,40.92,55.86,31.18
210236,29.81,-0.21,30.57,44.47,34.89,41.05,55.89,31.18
211247,30.05,-0.08,30.24,44.24,35.03,40.97,55.97,31.46
212257,29.86,-0.11,30.42,44.47,34.89,41.02,55.84,31.18
213268,30.05,-0.05,30.47,44.39,35.03,41.02,55.84,31.41
214279,29.86,-0.14,30.57,44.52,34.84,41.10,55.86,31.27
215289,30.00,-0.14,30.52,44.54,34.89,41.10,55.97,31.27
216300,30.14,-0.22,30.38,44.31,35.03,40.89,55.89,31.18
217311,29.86,-0.16,30.57,44.54,34.80,40.94,55.81,31.04
218321,29.95,-0.14,30.14,44.24,35.08,40.97,55.89,31.18
219332,30.05,-0.14,30.52,44.54,34.89,41.12,55.92,31.22
220343,29.86,-0.19,30.33,44.39,35.12,41.12,55.89,31.13
221353,29.91,-0.07,30.66,44.29,34.80,41.12,55.86,30.94
222364,30.14,-0.32,30.19,44.36,34.89,40.97,55.81,31.18
223375,29.77,-0.22,30.33,44.34,35.03,40.99,55.84,31.36
224386,29.72,-0.19,30.28,44.49,34.94,40.94,55.81,31.27
225396,29.91,-0.15,30.38,44.39,34.89,41.02,55.89,31.36
226407,29.95,-0.30,30.19,44.44,34.75,40.87,55.86,31.41
227418,30.14,-0.26,30.33,44.34,35.03,40.99,55.86,31.13
228428,30.00,-0.29,30.47,44.47,34.89,40.92,55.84,31.32
229439,29.67,-0.21,30.52,44.26,34.84,40.89,55.84,31.08
230450,30.19,-0.28,30.24,44.52,35.12,41.05,56.02,31.22
231460,29.86,-0.30,30.24,44.52,34.94,40.97,56.07,31.18
232471,30.24,-0.31,30.10,44.49,34.94,40.99,55.99,31.13
233482,30.10,-0.26,30.28,44.42,35.17,41.15,55.81,31.27
234492,29.81,-0.06,30.33,44.31,34.94,40.97,55.84,31.36
235503,29.95,-0.27,30.52,44.49,34.80,41.15,55.92,31.27
236514,29.91,-0.30,30.14,44.52,35.03,40.89,55.84,31.32
237524,30.05,-0.32,30.47,44.44,34.80,41.15,55.89,31.04
238535,30.10,-0.30,30.33,44.39,34.94,40.87,55.92,31.46
239546,29.86,-0.02,30.24,44.60,34.84,40.94,55.94,31.08
240557,29.81,-0.21,30.33,44.60,34.94,40.94,55.97,31.13
241567,29.95,-0.06,30.42,44.44,34.89,40.94,55.86,31.27
242578,30.00,-0.20,30.24,44.47,35.17,40.99,55.84,31.13
243589,30.10,-0.17,30.19,44.31,34.89,40.87,55.79,31.22
244599,30.05,-0.13,30.38,44.54,35.08,41.05,55.86,31.18
245610,30.14,-0.15,30.38,44.54,34.98,41.02,55.81,31.04
246621,29.91,-0.20,30.38,44.42,35.03,40.97,55.89,31.27
247631,30.00,-0.18,30.19,44.42,35.03,41.12,55.92,31.13
248642,30.10,-0.19,30.24,44.39,34.89,41.07,56.07,31.51
249653,30.14,-0.15,30.52,44.49,34.84,41.05,55.86,31.13
250663,29.95,-0.15,30.14,44.34,34.98,41.15,55.92,31.13
251674,29.95,-0.19,30.38,44.52,34.98,41.07,55.84,31.22
252685,29.91,-0.16,30.57,44.54,35.12,40.97,55.84,31.04
253696,30.14,-0.16,30.19,44.44,35.03,41.07,55.84,31.18
254706,29.91,-0.15,30.61,44.47,34.84,41.07,55.79,31.22
255717,30.00,-0.19,30.28,44.44,34.84,41.10,55.86,31.36
256728,29.91,-0.18,30.47,44.47,34.89,41.07,55.94,31.27
257738,29.77,-0.18,30.33,44.42,34.84,41.07,55.81,31.32
258749,30.19,-0.14,30.38,44.49,35.22,40.97,56.02,31.13
259760,30.19,-0.14,30.33,44.47,34.84,41.12,55.86,31.46
260770,30.14,-0.17,30.47,44.57,34.80,40.99,55.97,31.27
261781,30.24,-0.16,30.57,44.57,34.80,40.97,55.92,31.13
262792,30.00,-0.20,30.24,44.49,35.17,40.94,55.97,31.22
263802,30.24,-0.17,30.47,44.62,35.12,40.99,55.84,31.22
264813,29.95,-0.20,30.19,44.47,34.70,40.94,56.04,31.13
265824,29.86,-0.18,30.38,44.42,34.75,40.99,55.81,31.41
266834,29.86,-0.21,30.33,44.34,35.03,40.99,55.79,31.22
267845,29.86,-0.17,30.38,44.39,34.94,41.07,55.79,31.36
268856,29.77,-0.19,30.19,44.34,34.94,41.10,56.02,31.08
269867,30.19,-0.14,30.38,44.42,34.89,41.12,55.81,31.46
270877,30.14,-0.14,30.57,44.60,35.17,40.92,55.92,31.51
271888,30.05,-0.20,30.19,44.36,35.08,41.07,55.89,31.46
272899,30.00,-0.15,30.10,44.42,35.17,40.99,56.07,31.36
273909,30.10,-0.19,30.24,44.34,34.94,40.97,55.99,31.46
274920,29.81,-0.22,30.38,44.39,35.17,41.02,55.94,31.36
275931,30.14,-0.17,30.24,44.49,34.94,41.07,55.76,31.27
276941,29.95,-0.18,30.14,44.44,35.12,41.02,56.02,31.32
277952,29.72,-0.19,30.28,44.39,35.17,40.92,55.92,31.27
278963,30.00,-0.18,30.24,44.44,35.08,41.12,55.86,31.13
279973,29.86,-0.18,30.52,44.42,34.89,41.12,55.81,31.46
280984,29.81,-0.21,30.33,44.44,34.94,41.07,55.81,31.22
281995,29.91,-0.19,30.10,44.39,34.75,40.99,55.94,31.13
283005,29.77,-0.17,30.24,44.34,34.89,41.12,55.81,31.04
284016,29.95,-0.18,30.28,44.44,34.80,40.94,56.02,31.08
285027,30.10,-0.16,30.61,44.49,34.80,40.92,55.89,31.18
286038,29.86,-0.15,30.28,44.39,34.98,40.94,55.81,31.46
287048,29.81,-0.14,30.57,44.52,34.94,40.97,55.92,31.08
288059,29.95,-0.18,30.42,44.44,35.03,40.89,55.81,31.46
289070,29.91,-0.20,30.24,44.36,35.22,40.97,55.97,31.13
290080,29.81,-0.19,30.24,44.44,34.89,41.12,55.89,31.04
291091,29.91,-0.16,30.52,44.57,35.08,41.05,55.86,31.22
292102,29.72,-0.18,30.24,44.39,34.89,41.05,55.79,31.22
293112,29.91,-0.17,30.33,44.44,34.89,40.97,56.04,31.46
294123,30.00,-0.15,30.24,44.31,35.08,40.94,55.76,31.46
295134,29.86,-0.17,30.10,44.36,34.84,41.07,55.97,31.13
296144,29.86,-0.20,30.14,44.52,35.17,40.92,55.97,31.18
297155,30.10,-0.14,30.19,44.49,35.22,40.97,55.99,31.08
298166,29.91,-0.21,30.33,44.52,34.89,41.10,55.74,31.08
299176,30.14,-0.16,30.19,44.52,34.89,41.12,56.02,31.04
300187,30.14,-0.21,30.28,44.49,35.08,40.97,55.97,31.13
301198,30.14,-0.40,30.28,44.42,34.75,41.17,55.81,31.41
302209,30.10,-0.43,30.52,44.65,35.17,40.97,55.84,31.13
303219,29.95,0.30,30.57,44.57,35.17,40.87,55.92,31.46
304230,30.10,11.90,30.28,44.52,34.89,40.94,55.99,31.32
305241,29.95,16.75,30.28,44.36,35.03,41.17,55.92,31.18
306251,29.77,14.73,30.05,44.60,34.94,41.05,55.86,31.13
307262,29.95,-0.54,30.19,44.39,34.94,41.17,55.76,31.13
308273,30.00,9.67,30.61,44.57,34.80,40.87,55.94,31.18
309283,29.86,25.02,30.57,44.39,35.12,40.97,55.97,31.18
310294,29.95,0.09,30.28,44.60,35.17,40.92,55.81,31.46
311305,30.10,2.17,30.38,44.39,35.22,40.84,55.86,31.13
312315,30.10,1.25,30.38,44.36,35.22,40.89,55.79,31.32
313326,30.14,9.12,30.38,44.34,35.17,40.94,55.79,31.08
314337,30.19,15.05,30.38,44.39,35.08,40.89,55.86,31.13
315347,30.14,16.37,30.38,44.36,35.08,40.87,55.84,31.36
316358,30.05,16.65,30.33,44.47,35.27,40.87,55.79,31.22
317369,30.05,17.22,30.19,44.42,34.89,40.97,56.02,31.27
318380,29.91,17.22,30.42,44.47,35.17,40.68,55.81,31.04
319390,29.91,17.17,30.52,44.39,34.94,41.15,55.79,31.27
320402,29.95,17.26,30.14,44.54,34.98,40.97,55.89,31.08
321413,30.14,17.17,30.38,44.39,35.08,41.02,55.84,31.08
322423,29.91,17.50,30.24,44.47,35.22,41.15,55.86,31.13
323434,30.19,17.26,30.47,44.54,34.65,41.05,55.89,30.61
324445,30.05,17.26,30.38,44.47,34.94,41.02,55.84,31.13
325455,30.14,17.26,30.52,44.44,34.75,41.20,55.94,31.22
326466,29.95,17.55,30.57,44.52,34.89,40.92,55.97,31.18
327477,30.10,17.12,30.38,44.34,34.89,41.02,55.86,31.08
328488,29.67,17.41,30.66,44.36,34.75,41.07,55.76,31.04
329499,29.77,17.45,30.28,44.52,34.98,41.12,55.79,31.13
330510,30.10,17.17,30.57,44.44,34.89,40.87,55.99,31.08
331521,30.19,17.26,30.42,44.42,34.94,41.05,55.84,31.36
332531,29.95,17.12,30.33,44.21,34.98,41.02,55.94,31.41
333542,30.24,17.59,30.61,44.47,34.98,41.17,55.74,31.27
334553,29.86,17.26,30.38,44.42,34.94,40.94,56.04,31.18
335563,29.81,17.22,30.38,44.67,34.80,41.15,55.84,31.18
336575,29.91,17.59,30.52,44.54,35.22,41.10,56.02,31.04
337586,29.95,17.50,30.14,44.44,34.84,40.94,55.79,31.27
338596,29.81,17.36,30.28,44.75,34.75,40.84,55.84,31.18
339607,29.81,17.45,30.19,44.57,34.84,40.97,55.89,31.13
340618,29.86,17.41,30.14,44.39,35.17,40.97,55.86,31.18
341628,29.86,17.26,30.28,44.52,34.94,41.15,55.76,31.08
342639,29.72,17.08,30.57,44.39,34.98,40.97,55.97,31.18
343650,29.81,17.17,30.19,44.44,34.89,41.05,55.76,31.27
344660,29.86,17.55,30.42,44.44,34.98,41.15,55.79,31.22
345672,30.19,17.22,30.42,44.57,35.22,40.94,55.86,31.13
346683,30.05,17.26,30.38,44.39,35.08,41.10,55.81,31.13
347694,29.91,17.36,30.42,44.24,34.89,40.97,55.86,31.51
348704,29.67,17.12,30.19,44.29,34.98,40.99,55.89,31.46
349715,30.00,17.26,30.10,44.39,35.22,41.07,55.76,31.41
350726,29.86,17.26,30.33,44.49,34.94,40.99,55.86,31.46
351736,30.00,17.41,30.52,44.62,34.89,41.12,55.97,31.08
352747,30.10,17.55,30.19,44.47,34.75,41.28,55.97,31.08
353758,29.95,17.31,30.42,44.36,34.84,40.84,56.02,31.04
354769,29.95,17.31,30.52,44.39,34.80,40.94,56.02,31.04
355780,30.10,17.45,30.38,44.83,34.84,40.84,55.86,31.08
356791,30.00,17.08,30.19,44.42,34.98,41.05,55.81,31.08
357801,30.10,17.17,30.52,44.44,34.89,40.99,55.89,31.36
358812,30.14,17.41,30.61,44.78,34.75,40.99,56.04,31.13
359823,29.91,17.31,30.14,44.36,34.94,41.20,55.99,30.99
360834,29.72,17.22,30.24,44.54,34.98,40.89,55.86,31.08
361844,29.77,17.08,30.24,44.49,34.89,40.94,55.79,31.18
362856,29.95,17.12,30.14,44.34,34.98,40.92,55.94,31.04
363867,29.81,17.50,30.42,44.39,34.89,40.97,55.81,31.27
364877,29.91,17.41,30.24,44.75,34.89,40.89,55.89,30.99
365888,29.91,17.59,30.28,44.54,35.03,41.02,55.81,31.18
366899,30.00,17.41,30.19,44.44,34.84,40.87,55.86,31.46
367909,30.05,17.31,30.24,44.36,35.08,41.10,56.02,31.22
368920,30.14,17.22,30.24,44.39,35.03,40.76,55.99,31.13
369931,29.81,17.45,30.57,44.42,35.12,41.12,55.81,31.04
370941,29.91,17.12,30.14,44.42,34.84,41.02,55.84,31.32
371953,29.72,17.45,30.38,44.36,35.08,40.97,56.02,31.08
372964,30.00,17.36,30.52,44.42,34.89,41.10,55.99,31.08
373975,30.05,17.22,30.24,44.34,35.12,41.05,55.81,31.08
374985,30.00,17.26,30.42,44.44,34.89,41.02,55.84,31.13
375996,30.00,17.45,30.33,44.47,35.03,40.97,56.07,31.36
377007,29.77,17.36,30.28,44.26,34.94,41.12,55.81,31.04
378017,29.77,17.08,30.57,44.42,34.94,41.07,55.81,31.27
379028,29.77,17.31,30.33,44.47,34.84,41.33,55.79,31.13
380039,29.81,17.22,30.24,44.44,34.84,41.02,55.84,31.13
381050,29.86,17.17,30.19,44.36,34.89,40.97,55.94,31.13
382061,30.10,17.36,30.28,44.52,35.22,41.12,55.89,31.08
383072,29.91,17.41,30.28,44.60,34.84,40.89,55.92,30.99
384082,30.05,17.12,30.47,44.62,35.12,41.05,55.99,31.18
385093,30.00,17.03,30.19,44.60,34.84,41.15,55.94,31.22
386104,30.05,17.41,30.19,44.47,34.84,40.89,55.84,31.36
387115,29.77,17.36,30.24,44.42,35.08,41.05,55.97,31.51
388125,29.67,17.26,30.19,44.54,34.89,40.92,55.79,31.41
389137,29.86,17.26,30.33,44.39,34.94,40.89,56.02,31.04
390148,30.10,17.22,30.28,44.49,34.80,40.94,55.99,31.18
391158,30.10,17.41,30.14,44.78,34.84,40.92,55.89,31.13
392169,30.14,17.22,30.47,44.60,35.12,40.84,55.76,31.13
393180,29.77,17.36,30.28,44.54,35.22,40.94,55.99,31.18
394190,30.05,17.12,30.38,44.49,35.17,40.94,55.86,31.22
395201,30.14,17.17,30.10,44.34,35.08,41.12,55.79,31.13
396212,30.10,17.36,30.33,44.42,35.08,40.92,55.84,31.22
397222,29.81,17.26,30.14,44.36,34.89,41.12,55.81,31.04
398234,30.14,17.12,30.47,44.36,35.27,40.94,56.07,31.08
399245,30.10,17.45,30.19,44.65,34.94,40.97,55.97,31.27
400256,29.95,17.26,30.24,44.42,34.84,40.87,55.92,31.46
401266,30.00,17.50,30.42,44.39,34.98,40.92,55.89,31.46
402277,29.77,17.26,30.28,44.47,35.12,40.87,55.92,31.22
403288,30.05,17.22,30.42,44.52,34.89,40.97,55.84,31.41
404298,29.95,17.22,30.42,44.60,35.03,41.15,55.94,30.99
405309,29.72,17.50,30.24,44.52,34.94,41.15,55.79,31.22
406321,29.86,17.26,30.14,44.42,34.89,40.99,55.81,31.13
407331,29.95,17.17,30.61,44.24,35.08,41.02,55.86,31.08
408342,29.81,17.22,30.38,44.54,35.17,40.89,55.97,30.99
409353,29.81,17.22,30.33,44.62,34.89,41.15,55.92,31.27
410363,29.72,17.45,30.14,44.54,34.98,41.07,55.79,31.22
411374,30.05,17.17,30.24,44.39,34.94,40.99,55.81,31.36
412385,30.19,17.08,30.24,44.34,34.98,40.97,55.84,31.32
413395,30.05,17.12,30.14,44.60,34.98,40.89,55.79,31.22
414407,29.91,17.50,30.38,44.57,34.80,40.87,55.86,31.08
415418,29.77,17.41,30.57,44.39,35.22,40.97,55.92,31.18
416429,29.86,17.45,30.28,44.75,34.80,41.12,55.84,31.08
417439,30.05,17.36,30.28,44.36,34.98,40.92,55.84,31.27
418450,30.00,17.31,30.14,44.36,34.94,40.94,55.86,30.99
419461,29.77,17.12,30.38,44.54,34.84,40.94,55.86,31.22
420471,30.10,17.26,30.24,44.54,35.12,40.81,55.81,31.36
421482,29.86,17.41,30.57,44.39,35.27,41.07,55.81,31.08
422493,29.91,17.17,30.28,44.47,34.94,41.02,55.89,31.27
423504,29.86,17.26,30.38,44.52,35.17,40.97,55.84,31.36
424515,30.00,17.45,30.61,44.44,35.03,40.89,55.81,31.08
425526,30.19,17.22,30.47,44.57,34.84,41.12,55.92,31.13
426536,29.77,17.50,30.52,44.42,34.94,40.92,55.81,31.13
427547,30.14,17.45,30.28,44.42,35.12,40.99,55.86,31.08
428558,29.91,17.17,30.57,44.44,34.89,40.94,55.74,31.27
429569,30.10,17.41,30.52,44.49,34.94,41.07,55.74,31.13
430579,29.81,17.31,30.28,44.44,34.98,41.07,55.86,31.36
431590,29.95,17.31,30.28,44.54,34.89,40.94,55.84,31.46
432602,30.05,17.03,30.24,44.62,34.89,40.92,55.99,31.08
433612,30.10,17.08,30.14,44.54,34.80,40.92,55.81,31.18
434623,29.86,17.50,30.28,44.42,34.98,40.94,55.89,31.13
435634,30.28,17.03,30.24,44.39,34.84,41.10,56.07,31.51
436644,29.81,17.17,30.14,44.39,35.27,41.07,55.79,31.36
437655,30.19,17.26,30.05,44.44,35.17,41.07,55.99,31.18
438666,29.86,17.50,30.28,44.42,34.94,41.07,55.76,31.13
439676,30.10,17.17,30.57,44.60,35.12,40.84,55.81,30.99
440687,30.10,17.22,30.28,44.42,34.70,41.07,55.94,31.22
441699,30.05,17.12,30.14,44.29,35.03,40.87,55.81,31.36
442710,29.86,17.17,30.28,44.44,34.98,40.94,55.86,31.41
443720,29.81,17.50,30.24,44.52,35.12,40.97,56.04,31.32
444731,30.00,17.31,30.14,44.39,34.80,41.02,55.94,31.04
445742,29.81,17.17,30.10,44.31,35.12,41.02,55.86,31.36
446752,29.81,17.22,30.38,44.54,34.84,40.94,55.84,31.08
447763,30.24,17.36,30.47,44.60,34.80,40.87,55.79,31.18
448774,30.05,17.17,30.52,44.60,35.03,41.15,55.97,31.18
449784,30.10,17.17,30.38,44.54,34.80,40.89,55.81,30.99
450796,30.05,17.31,30.57,44.42,34.70,40.94,56.04,31.08
451807,29.81,17.31,30.28,44.49,34.89,41.15,55.79,30.99
452817,30.14,17.03,30.33,44.47,35.27,40.99,55.99,31.13
453828,30.19,17.12,30.38,44.29,35.03,40.99,55.89,31.46
454839,30.14,17.45,30.47,44.57,35.12,40.87,56.02,31.08
455849,30.19,17.50,30.47,44.36,35.17,40.81,55.92,31.18
456860,30.00,17.55,30.52,44.52,34.94,41.07,55.84,31.13
457871,30.19,17.41,30.47,44.36,34.94,40.79,55.84,31.18
458882,29.81,17.36,30.38,44.49,35.22,40.97,55.89,31.04
459893,30.05,17.17,30.19,44.54,34.94,40.97,55.84,31.13
460904,30.14,17.41,30.24,44.70,34.94,40.97,55.86,31.41
461915,29.95,17.08,30.19,44.42,35.12,40.89,55.97,31.08
462925,30.14,17.41,30.19,44.39,35.17,41.17,55.86,31.27
463936,29.91,17.45,30.33,44.21,34.80,40.87,55.89,31.08
464947,29.91,17.26,30.28,44.54,34.89,40.89,55.97,30.99
465957,29.86,17.12,30.38,44.60,35.17,40.89,56.02,31.04
466968,30.10,17.17,30.61,44.36,34.70,41.07,55.97,31.22
467980,30.24,17.08,30.28,44.39,34.98,41.02,55.81,31.18
468990,29.81,17.36,30.33,44.47,35.17,40.79,55.94,31.08
470001,29.81,17.22,30.24,44.54,35.03,41.05,55.86,31.04
471012,30.24,17.22,30.47,44.54,35.12,40.94,55.99,31.08
472023,29.77,17.17,30.19,44.39,35.08,40.92,55.81,31.18
473033,30.00,17.08,30.28,44.62,35.03,40.94,55.81,31.08
474044,29.86,17.41,30.52,44.60,34.89,40.94,56.02,31.46
475055,29.86,17.17,30.33,44.57,35.03,40.92,55.79,31.08
476065,29.77,17.26,30.14,44.39,34.94,40.92,55.92,31.22
477077,29.81,17.50,30.19,44.39,35.17,41.15,55.86,31.27
478088,29.81,17.22,30.28,44.49,34.89,40.79,56.07,31.13
479098,30.00,17.26,30.14,44.39,34.89,40.97,55.94,31.18
480109,30.14,17.31,30.19,44.31,34.98,40.99,55.81,30.94
481120,30.10,17.36,30.24,44.13,35.08,40.94,55.84,31.08
482130,30.00,17.45,30.52,44.42,34.84,40.92,55.99,31.13
483141,29.86,17.26,30.14,44.42,34.94,41.02,55.92,31.13
484152,30.14,17.03,30.47,44.34,34.75,41.02,55.94,31.32
485164,30.10,17.36,30.24,44.47,34.84,41.10,55.76,30.94
486174,30.19,17.26,30.57,44.44,35.12,40.94,55.84,31.08
487185,29.81,17.50,30.33,44.39,35.12,40.97,56.02,31.13
488196,29.86,17.08,30.05,44.36,35.27,40.99,55.76,31.36
489206,29.81,17.45,30.33,44.44,34.80,41.05,55.79,31.27
490217,29.81,17.45,30.33,44.24,34.89,40.87,55.79,31.13
491228,30.19,17.31,30.57,44.62,34.89,41.02,55.84,31.18
492238,30.14,17.55,30.61,44.47,35.17,40.94,55.99,31.22
493249,30.05,17.45,30.19,44.36,34.89,40.94,56.02,31.04
494261,29.77,17.22,30.47,44.39,34.84,40.97,55.84,31.32
495271,30.00,17.26,30.47,44.44,34.89,40.92,55.97,31.13
496282,29.86,17.03,30.14,44.31,35.03,41.10,55.81,31.04
497293,30.14,17.17,30.57,44.42,34.98,40.99,55.89,31.41
498304,30.19,17.45,30.61,44.57,35.27,40.92,55.99,31.08
499314,30.05,17.03,30.24,44.42,34.94,40.92,55.99,31.08
500325,29.77,17.08,30.38,44.54,34.94,41.10,55.74,31.27
501336,30.10,17.12,30.47,44.47,35.27,40.94,55.99,31.18
502346,30.10,17.26,30.47,44.42,35.27,41.07,55.99,31.08
503358,29.77,17.26,30.52,44.36,34.80,40.87,55.81,31.18
504369,29.95,17.31,30.19,44.44,34.89,41.28,55.81,31.13
505379,29.91,17.41,30.33,44.42,34.89,41.10,55.79,31.46
506390,29.86,17.36,30.33,44.42,35.22,40.84,55.81,31.08
507401,30.10,17.17,30.24,44.47,34.89,40.94,55.81,31.22
508411,29.86,17.31,30.19,44.39,34.75,41.07,55.84,31.08
509422,29.72,17.45,30.71,44.49,34.98,41.05,55.79,31.46
510433,29.77,17.08,30.47,44.57,35.08,41.12,55.76,31.08
511444,30.05,17.26,30.42,44.49,35.17,41.05,55.94,31.04
512455,30.05,17.31,30.38,44.39,35.08,40.92,55.92,31.46
513466,30.19,17.50,30.33,44.26,35.12,41.15,55.89,31.18
514477,30.24,17.17,30.33,44.39,34.89,40.97,55.99,31.08
515487,29.91,17.36,30.24,44.36,34.84,41.15,55.84,31.18
516498,29.72,17.55,30.33,44.26,34.75,40.99,55.81,31.04
517509,30.28,-0.27,30.28,44.44,34.98,40.89,55.86,31.22
518519,30.28,-0.37,30.14,44.44,34.89,40.97,55.81,31.18
519530,29.91,-0.43,30.57,44.60,34.89,41.12,55.79,30.99
520541,29.95,-0.43,30.42,44.57,34.84,41.10,55.84,31.18
521551,29.95,-0.50,30.38,44.47,34.89,40.99,55.81,31.18
522562,29.95,-0.45,30.28,44.36,34.84,41.02,55.81,31.55
523573,29.81,-0.45,30.47,44.47,34.80,41.10,55.81,31.46
524583,29.86,-0.49,30.61,44.47,34.75,40.89,55.89,31.08
525594,30.19,-0.51,30.28,44.26,35.03,40.97,55.97,31.46
526605,29.77,-0.49,30.33,44.44,34.89,40.94,55.89,31.46
527616,29.91,-0.54,30.52,44.49,34.84,41.02,55.86,31.32
528626,29.95,-0.50,30.38,44.36,34.84,41.05,55.81,31.08
529637,29.81,-0.52,30.33,44.36,34.94,40.99,55.89,31.27
530648,30.10,-0.49,30.19,44.47,35.22,41.10,55.81,31.36
531658,29.81,-0.52,30.61,44.36,34.98,41.15,55.99,31.13
532669,30.14,-0.58,30.38,44.39,35.22,41.05,55.79,31.51
533680,29.81,-0.51,30.38,44.49,34.94,41.12,56.02,31.51
534690,29.81,-0.41,30.33,44.39,35.12,41.02,55.76,31.27
535701,29.86,3.28,30.19,44.57,34.65,40.92,55.89,31.13
536712,30.05,5.71,30.28,44.39,35.08,40.94,56.02,31.13
537722,29.81,14.44,30.24,44.57,35.22,40.89,55.81,31.08
538733,29.72,16.14,30.28,44.49,34.84,41.10,55.99,31.13
539744,29.86,16.14,30.38,44.36,34.98,40.97,55.99,31.41
540755,29.67,16.14,30.33,44.39,34.94,40.97,55.97,31.13
541766,29.91,16.32,30.33,44.60,35.17,40.68,55.81,31.13
542777,30.19,16.09,30.66,44.39,35.17,40.99,56.02,31.46
543788,29.81,16.23,30.19,44.42,34.94,41.10,55.92,31.27
544798,29.67,16.09,30.61,44.60,34.98,41.12,55.99,31.04
545809,30.05,16.09,30.19,44.44,34.75,40.94,55.84,31.36
546820,29.77,16.18,30.14,44.31,35.22,40.92,55.89,31.22
547830,30.05,16.18,30.19,44.60,35.12,40.74,55.84,31.36
548842,30.05,16.23,30.47,44.57,34.98,40.94,55.81,31.22
549853,30.14,16.56,30.57,44.47,34.75,41.07,55.76,31.04
550863,29.86,16.04,30.33,44.47,34.80,40.92,55.81,31.04
551874,30.00,16.18,30.42,44.42,34.75,40.99,55.81,31.36
552885,30.24,16.28,30.10,44.42,34.98,41.02,56.02,31.22
553895,30.05,16.18,30.14,44.52,34.89,40.99,55.84,31.36
554906,30.10,16.09,30.28,44.42,34.84,41.12,55.89,30.94
555917,29.86,16.18,30.61,44.52,34.75,40.97,55.74,31.18
556928,30.24,16.37,30.33,44.44,34.84,41.12,55.79,31.13
557939,29.91,16.04,30.52,44.31,34.80,41.07,55.99,31.13
558950,30.05,15.95,30.19,44.57,35.27,40.89,55.99,31.13
559961,29.72,16.14,30.33,44.44,34.98,41.02,55.84,31.13
560971,30.19,16.14,30.47,44.39,35.27,40.94,55.76,31.08
561982,30.28,16.28,30.19,44.34,34.94,41.15,55.86,31.22
562993,29.86,16.04,30.28,44.54,34.98,41.15,55.81,31.08
564003,30.05,16.23,30.28,44.60,35.08,41.12,55.84,31.04
565014,30.00,16.14,30.24,44.39,34.89,40.89,55.94,31.04
566025,29.95,16.14,30.42,44.29,34.89,40.94,55.79,31.22
567036,29.72,16.42,30.52,44.60,34.98,41.10,55.97,31.46
568047,30.00,16.18,30.47,44.36,34.94,40.89,55.84,31.27
569058,29.86,16.00,30.33,44.54,35.08,40.99,55.92,31.55
570068,29.95,16.09,30.19,44.57,34.89,41.05,55.86,31.46
571079,29.72,16.23,30.28,44.39,34.94,41.17,55.86,31.04
572090,29.81,16.37,30.14,44.57,34.80,41.10,56.07,31.18
573101,29.72,16.04,30.52,44.44,34.89,40.92,55.84,30.99
574111,30.00,16.32,30.28,44.42,35.08,40.99,55.84,31.08
575122,29.95,16.23,30.10,44.42,34.75,40.94,55.84,31.22
576133,29.77,16.14,30.28,44.44,34.89,41.17,55.74,31.13
577144,30.10,16.28,30.52,44.39,35.17,40.92,55.79,31.22
578155,30.28,16.32,30.19,44.67,34.89,40.94,55.81,31.08
579166,29.91,16.18,30.24,44.42,34.84,40.97,55.79,31.13
580176,29.81,16.04,30.47,44.52,34.80,41.10,55.76,30.94
581187,30.10,16.09,30.24,44.49,35.12,41.02,55.94,31.13
582198,29.95,16.09,30.47,44.52,34.98,40.97,55.81,31.13
583208,30.28,16.04,30.24,44.42,34.98,41.15,56.02,30.99
584219,29.77,16.42,30.24,44.60,34.75,40.94,55.84,31.22
585231,30.10,15.95,30.33,44.62,35.12,40.92,55.81,31.22
586242,29.81,16.28,30.33,44.65,35.27,40.68,55.86,31.04
587252,29.86,16.32,30.24,44.36,35.03,40.92,55.92,31.08
588263,30.14,16.18,30.38,44.39,34.94,41.10,55.89,31.22
589274,30.19,16.09,30.24,44.21,34.94,40.99,55.81,31.08
590284,30.14,16.23,30.61,44.52,35.31,40.87,55.94,31.13
591295,29.86,16.04,30.47,44.44,35.03,40.97,55.99,31.46
592306,30.14,16.00,30.47,44.44,34.75,41.05,55.94,31.32
593317,30.00,16.32,30.61,44.42,34.75,40.92,55.79,31.41
594328,29.77,16.23,30.24,44.49,34.89,40.97,55.92,31.41
595339,29.86,16.28,30.47,44.34,34.94,40.97,55.94,31.04
596349,30.00,16.04,30.10,44.57,34.94,40.99,55.84,31.41
597360,29.95,16.09,30.05,44.39,35.03,40.89,55.94,31.08
598371,29.95,16.09,30.47,44.42,34.84,40.94,55.84,31.32
599382,30.19,16.23,30.66,44.67,34.80,41.07,55.84,31.46
600392,30.05,16.04,30.47,44.44,35.12,40.97,55.84,31.46
601403,29.86,16.23,30.19,44.36,35.08,40.89,55.76,30.99
602415,29.91,16.47,30.42,44.44,34.89,41.07,55.86,31.41
603425,29.95,16.28,30.28,44.44,34.98,41.07,55.97,31.18
604436,30.00,16.09,30.52,44.52,34.98,41.15,55.94,31.04
605447,30.05,16.37,30.10,44.57,34.94,40.89,55.94,31.08
606457,29.77,16.14,30.33,44.49,34.75,40.92,55.97,31.13
607468,29.77,16.47,30.33,44.57,34.84,41.15,55.81,31.04
608479,29.95,16.37,30.47,44.36,35.17,40.87,55.76,31.36
609489,29.86,16.04,30.19,44.57,34.94,40.94,55.92,31.08
610500,29.72,16.23,30.33,44.52,34.84,40.94,55.81,30.99
611512,29.86,16.51,30.52,44.39,35.08,40.87,55.79,31.18
612523,30.05,16.32,30.28,44.42,34.94,40.99,55.84,31.32
613533,29.72,16.47,30.19,44.57,34.80,41.07,55.84,31.46
614544,30.00,16.18,30.28,44.42,34.89,40.94,55.81,31.18
615555,30.05,16.23,30.19,44.60,34.80,41.05,55.76,31.08
616565,29.95,16.04,30.28,44.62,35.03,40.87,55.89,31.08
617576,30.00,16.00,30.47,44.39,35.27,41.12,55.86,31.13
618587,30.14,16.18,30.57,44.42,34.84,41.05,55.99,31.46
619597,30.05,16.47,30.33,44.44,35.12,40.92,55.81,31.18
620609,29.77,16.09,30.47,44.47,34.89,41.12,55.92,31.13
621620,29.81,16.32,30.28,44.42,34.65,40.87,55.94,31.08
622630,29.72,16.18,30.10,44.49,34.75,40.97,55.99,31.04
623641,29.77,16.18,30.19,44.57,34.80,41.02,55.76,31.04
624652,29.81,16.37,30.24,44.18,34.89,40.94,55.84,30.99
625662,30.00,15.95,30.19,44.57,34.98,40.97,56.10,31.36
626673,30.00,16.18,30.14,44.44,34.70,40.89,55.97,31.04
627684,30.05,16.37,30.19,44.31,34.98,40.94,55.84,31.41
628696,30.00,16.18,30.33,44.39,35.08,40.94,55.89,31.18
629706,30.19,16.04,30.28,44.57,34.94,41.12,55.99,31.08
630717,29.86,16.14,30.19,44.75,34.94,40.89,55.84,31.13
631728,29.81,16.23,30.24,44.47,34.89,40.92,55.86,31.41
632738,29.91,16.04,30.42,44.54,34.80,41.12,55.89,31.22
633749,30.00,16.23,30.14,44.44,35.27,41.15,55.86,31.18
634760,30.19,16.37,30.57,44.62,34.84,40.89,55.86,31.04
635770,29.81,16.00,30.52,44.42,35.12,40.94,55.84,31.51
636781,29.72,16.14,30.19,44.57,34.80,40.89,55.76,31.04
637793,30.00,16.23,30.57,44.42,34.84,41.02,55.76,31.04
638803,29.91,16.18,30.24,44.49,34.80,40.89,55.74,31.18
639814,29.77,16.04,30.19,44.52,35.03,41.17,55.89,31.08
640825,30.14,16.04,30.42,44.36,35.08,40.97,55.94,31.08
641836,30.10,16.09,30.19,44.47,35.08,40.99,55.79,30.94
642846,29.77,16.14,30.19,44.49,34.84,40.97,55.92,31.22
643857,30.24,16.32,30.52,44.36,35.08,41.15,56.02,31.51
644868,30.00,16.14,30.47,44.57,35.03,40.99,55.86,31.08
645878,29.72,16.37,30.19,44.54,34.94,41.02,55.84,31.36
646890,29.67,16.18,30.42,44.39,34.84,40.94,55.97,31.13
647901,30.10,16.04,30.33,44.57,34.89,41.15,55.74,31.27
648911,29.77,16.23,30.24,44.52,35.12,41.12,55.92,31.04
649922,30.19,16.14,30.28,44.36,34.84,40.99,55.89,31.22
650933,29.81,16.42,30.28,44.24,35.03,41.10,55.94,31.51
651943,30.14,16.37,30.61,44.36,34.89,41.17,55.79,31.13
652954,29.81,16.37,30.47,44.34,35.03,40.99,55.89,30.99
653965,29.86,16.18,30.47,44.42,34.94,40.99,55.86,31.18
654976,29.86,16.28,30.57,44.54,35.08,40.97,55.92,31.18
655987,30.05,16.18,30.47,44.36,34.94,40.94,55.84,31.13
656998,29.91,16.23,30.47,44.24,35.17,41.15,55.84,31.04
658009,29.95,16.04,30.28,44.49,34.84,40.94,56.02,31.22
659019,29.86,16.04,30.28,44.36,34.65,40.92,55.84,30.94
660030,29.91,16.42,30.19,44.16,35.03,40.99,55.97,31.41
661041,30.00,16.37,30.57,44.44,34.89,40.94,55.99,31.04
662051,30.00,16.18,30.33,44.44,34.89,40.99,55.79,31.13
663062,30.10,16.09,30.05,44.62,34.94,40.92,55.81,31.46
664074,30.00,16.23,30.10,44.39,34.84,40.89,55.79,31.36
665084,29.86,16.04,30.61,44.42,34.75,41.07,55.79,31.13
666095,30.19,16.32,30.19,44.42,35.03,40.87,55.94,31.18
667106,30.10,16.04,30.10,44.36,35.08,40.87,55.76,31.13
668116,29.81,16.18,30.28,44.39,34.94,41.12,55.89,31.27
669127,29.77,16.47,30.14,44.16,34.89,40.94,55.89,31.51
670138,29.86,16.09,30.19,44.36,34.89,40.99,55.97,31.04
671149,29.95,15.95,30.47,44.57,35.08,40.92,55.81,31.32
672159,30.14,16.09,30.38,44.31,34.80,40.94,55.79,31.36
673171,30.05,16.28,30.10,44.49,34.98,40.97,55.84,31.08
674182,29.91,16.00,30.28,44.54,34.75,40.97,55.86,31.32
675192,30.05,16.42,30.52,44.60,35.12,40.87,55.81,31.22
676203,30.10,16.09,30.33,44.34,34.98,41.02,55.81,31.18
677214,29.91,16.04,30.57,44.54,34.89,41.07,55.86,31.13
678224,29.86,16.42,30.33,44.42,35.12,40.81,55.92,31.13
679235,30.14,16.32,30.47,44.47,35.03,41.05,55.74,31.13
680246,29.86,16.23,30.19,44.52,34.89,41.05,55.79,31.51
681256,30.24,16.09,30.38,44.52,35.17,41.10,56.04,31.04
682268,30.00,16.42,30.52,44.52,34.89,41.15,55.94,30.99
683279,29.91,16.14,30.28,44.47,34.80,40.87,55.84,31.18
684290,29.81,16.14,30.28,44.57,35.17,41.15,55.86,31.41
685300,30.19,16.28,30.14,44.34,35.36,41.07,55.76,31.22
686311,29.91,16.32,30.19,44.16,34.89,40.97,55.86,31.08
687322,30.10,16.04,30.24,44.42,34.89,40.99,55.86,31.22
688332,30.28,16.42,30.52,44.47,35.17,41.10,56.02,31.22
689343,30.14,16.28,30.19,44.44,34.98,41.02,56.02,31.46
690355,29.86,16.23,30.47,44.39,34.84,40.99,56.02,31.18
691365,29.72,16.32,30.24,44.62,34.94,41.07,55.94,31.04
692376,29.72,16.42,30.33,44.36,34.89,40.94,55.94,31.18
693387,29.86,16.18,30.47,44.42,34.80,40.97,55.74,31.18
694397,29.77,16.14,30.52,44.60,34.98,40.94,55.99,31.27
695408,29.86,16.14,30.38,44.44,35.03,40.84,55.99,31.04
696419,29.81,16.09,30.05,44.39,34.75,40.94,55.86,30.99
697430,29.86,15.95,30.24,44.57,34.94,40.92,55.81,31.46
698441,29.81,16.18,30.42,44.49,34.94,41.10,55.79,31.13
699452,29.86,16.28,30.42,44.39,34.84,41.07,55.97,31.51
700463,30.14,16.14,30.28,44.57,35.12,40.97,55.99,30.99
701473,29.95,16.14,30.33,44.36,34.98,41.02,55.81,31.51
702484,29.86,16.14,30.24,44.52,34.98,41.02,55.81,31.32
703495,29.95,16.14,30.47,44.57,35.22,40.89,55.74,31.08
704505,29.86,16.14,30.38,44.57,34.98,40.97,56.04,31.32
705516,29.77,16.04,30.38,44.47,35.03,40.97,55.86,31.13
706527,29.91,16.23,30.19,44.54,34.70,40.97,55.89,31.04
707538,29.86,16.28,30.38,44.39,34.89,41.07,55.89,31.36
708549,29.81,16.04,30.05,44.57,34.89,41.12,55.79,31.27
709560,29.77,15.95,30.28,44.62,35.22,41.12,55.81,31.27
710571,30.14,16.14,30.24,44.39,34.94,41.15,55.84,31.18
711581,30.14,16.37,30.19,44.62,34.89,41.15,55.81,31.13
712592,30.05,16.09,30.28,44.42,34.80,40.94,56.02,31.55
713603,29.86,16.23,30.33,44.39,35.17,40.87,55.89,31.04
714613,29.91,16.18,30.28,44.57,35.27,40.94,55.92,31.22
715625,30.10,16.04,30.19,44.39,34.98,40.92,55.99,31.08
716636,29.81,16.14,30.28,44.52,34.89,41.07,55.84,31.18
717646,30.10,16.09,30.38,44.42,34.84,41.10,55.84,31.32
718657,30.24,16.14,30.42,44.42,34.89,41.10,55.84,31.41
719668,29.86,16.42,30.24,44.36,34.89,41.15,55.84,31.22
720678,29.86,16.18,30.19,44.29,34.94,41.05,55.99,31.46
721689,29.95,16.04,30.61,44.42,34.94,41.05,55.89,30.99
722700,29.67,16.14,30.24,44.47,34.89,40.99,55.86,31.13
723710,29.72,16.37,30.28,44.49,34.98,41.05,55.84,31.18
724721,29.81,16.56,30.47,44.47,34.89,40.87,55.99,31.08
725733,29.72,16.09,30.47,44.44,34.80,41.05,55.94,31.08
726744,29.81,16.14,30.28,44.47,34.94,40.94,55.84,31.41
727754,29.81,16.09,30.19,44.34,35.12,41.12,55.86,31.08
728765,29.91,16.00,30.24,44.44,34.84,41.10,55.99,30.99
729776,29.77,16.42,30.28,44.26,35.27,40.89,55.76,31.22
730786,30.05,18.25,30.14,44.52,34.94,40.94,55.84,31.41
731797,29.91,18.53,30.57,44.47,35.22,40.89,55.79,31.04
732808,29.95,18.25,30.19,44.54,34.98,40.81,55.81,31.32
733819,29.95,18.35,30.14,44.39,35.12,40.87,55.89,31.13
734830,29.86,18.63,30.33,44.52,34.98,40.94,55.76,30.99
735841,29.86,18.63,30.33,44.60,35.08,41.17,55.92,31.08
736851,30.00,18.35,30.33,44.34,34.80,40.94,55.89,31.32
737862,29.81,18.67,30.57,44.60,35.12,40.87,56.02,31.22
738873,30.19,18.35,30.24,44.39,35.03,40.94,55.86,31.27
739884,29.67,18.25,30.24,44.36,35.12,41.02,55.89,31.46
740894,29.72,18.30,30.14,44.52,34.94,41.23,55.81,31.18
741906,29.77,19.19,30.66,44.39,34.84,40.87,55.84,31.08
742917,29.86,19.85,30.38,44.44,35.08,40.92,55.97,31.04
743927,29.77,17.41,30.42,44.44,35.27,40.97,55.94,31.18
744938,30.05,19.33,30.19,44.60,34.84,41.05,55.79,31.32
745949,29.91,14.94,30.24,44.42,35.03,40.97,55.71,31.18
746959,29.77,-0.18,30.42,44.42,34.80,41.12,55.76,31.13
747970,30.05,0.61,30.33,44.54,35.17,41.05,55.81,31.13
748981,29.77,0.63,30.52,44.42,34.84,40.97,56.02,31.51
749991,29.95,0.61,30.47,44.54,34.80,41.05,55.81,31.22
751002,30.05,0.63,30.47,44.49,34.80,40.99,55.84,31.04
752013,29.81,0.64,30.57,44.60,35.17,40.94,55.79,31.08
753024,29.86,0.64,30.24,44.44,35.12,40.97,55.76,31.36
754034,30.24,0.57,30.38,44.49,34.94,40.94,55.84,31.41
755045,29.81,0.26,30.19,44.52,34.94,41.02,55.81,31.08
756056,29.72,0.11,30.33,44.54,34.89,41.12,55.94,31.04
757066,29.67,-0.06,30.14,44.36,34.89,41.12,55.81,31.04
758077,29.81,-0.13,30.52,44.60,35.17,40.92,55.89,30.99
759088,30.05,-0.02,30.33,44.47,34.94,40.94,55.94,31.04
760098,29.95,-0.20,30.38,44.44,34.89,40.97,55.99,31.08
761109,29.95,-0.13,30.24,44.47,35.22,40.92,55.86,31.46
762120,29.72,-0.15,30.33,44.47,35.27,40.92,55.81,31.27
763130,30.00,-0.15,30.24,44.39,35.17,40.94,55.71,31.13
764141,29.86,-0.11,30.38,44.54,34.84,41.15,55.99,31.08
765152,30.05,-0.14,30.24,44.49,34.94,41.15,55.99,31.08
766162,29.95,-0.13,30.24,44.31,34.94,40.97,55.79,31.08
767173,30.14,-0.24,30.38,44.54,34.84,40.97,55.99,31.22
768184,30.05,-0.41,30.10,44.44,34.98,40.94,55.76,31.22
769195,29.67,-0.31,30.24,44.39,34.89,40.99,55.84,31.36
770205,29.86,-0.31,30.52,44.34,35.17,41.15,55.86,31.18
771216,29.72,-0.28,30.57,44.52,34.75,40.89,55.97,31.36
772227,29.95,-0.24,30.33,44.42,34.80,41.10,55.89,30.99
773237,30.05,-0.16,30.52,44.42,34.80,41.05,55.81,31.04
774248,29.72,-0.39,30.52,44.52,34.70,41.12,55.81,31.13
775259,29.95,-0.12,30.42,44.39,35.31,41.10,55.84,31.18
776269,29.72,-0.33,30.33,44.36,35.31,41.02,55.86,31.32
777280,29.72,-0.42,30.52,44.60,34.98,40.89,55.92,31.41
778291,30.05,-0.22,30.38,44.57,35.03,41.02,55.86,31.36
779301,29.91,-0.16,30.33,44.39,35.08,40.87,55.94,31.18
780312,29.95,-0.21,30.10,44.52,35.03,40.94,55.84,31.13
781323,29.91,-0.31,30.10,44.39,35.08,41.02,55.84,31.13
782333,29.81,-0.30,30.24,44.36,34.94,40.97,55.84,31.22
783344,29.91,-0.30,30.28,44.36,34.89,41.05,55.81,31.04
784355,29.77,-0.33,30.28,44.44,35.08,40.99,55.92,31.41
785366,29.95,-0.33,30.28,44.39,35.03,40.94,55.92,31.55
786376,30.05,2.63,30.33,44.34,35.22,41.12,55.86,30.99
787387,29.86,12.71,30.38,44.36,34.98,40.81,55.79,31.18
788398,30.00,13.17,31.13,44.42,34.94,41.15,55.86,31.18
789408,29.72,4.30,31.51,44.60,34.89,40.84,55.97,31.46
790419,30.00,1.11,31.51,44.39,35.27,41.10,55.76,31.22
791430,30.10,4.66,31.46,44.47,35.03,40.97,55.89,31.18
792440,30.10,3.07,31.46,44.54,34.94,40.92,55.86,31.18
793451,30.14,3.75,31.46,44.54,34.94,41.10,55.79,31.41
794462,30.19,6.61,31.27,44.42,35.36,40.87,55.79,31.32
795472,30.14,20.32,31.46,44.42,35.03,40.97,55.84,31.08
796483,29.95,33.15,31.32,44.34,35.17,40.99,55.86,31.18
797494,29.72,36.91,31.13,44.57,35.17,40.87,55.94,31.13
798504,30.14,36.86,31.46,44.44,35.36,40.89,55.74,31.08
799515,29.95,36.86,31.08,44.52,35.08,41.12,55.99,31.08
800526,29.86,37.43,31.22,44.42,34.98,41.10,55.99,31.18
801537,29.95,37.38,31.41,44.49,34.98,40.89,55.86,31.27
802547,29.91,37.85,31.22,44.44,35.03,41.02,55.76,31.18
803558,29.72,37.71,31.46,44.39,35.17,40.94,55.76,31.13
804570,29.91,37.99,31.32,44.42,35.08,40.97,55.86,31.22
805580,30.14,37.71,31.46,44.47,35.03,40.99,55.86,31.13
806591,30.14,37.85,31.46,44.44,35.31,41.15,55.84,31.18
807602,29.95,37.99,31.36,44.39,35.03,41.02,55.76,31.27
808612,29.72,37.85,31.08,44.54,35.08,41.07,55.76,31.36
809623,30.24,38.04,31.60,44.47,35.03,41.05,55.79,31.55
810634,29.72,37.90,31.55,44.52,35.03,41.12,56.02,31.46
811644,29.77,37.99,31.46,44.57,35.03,40.71,55.89,31.13
812655,29.95,38.32,31.51,44.42,35.36,40.92,55.99,31.08
813667,29.63,38.09,31.60,44.42,35.27,40.92,55.76,31.04
814678,29.63,38.41,31.32,44.57,35.03,40.94,55.84,31.32
815688,29.91,37.99,31.36,44.47,35.17,40.97,55.84,31.51
816699,30.05,38.27,31.32,44.42,35.36,40.89,55.76,31.13
817710,29.91,38.09,31.36,44.57,34.98,41.10,55.81,31.46
818720,29.77,38.04,31.27,44.42,34.98,41.12,55.81,31.04
819731,29.95,38.13,31.69,44.57,34.89,40.89,55.92,31.04
820742,29.77,38.13,31.27,44.36,35.08,40.97,55.81,31.13
821752,29.72,38.23,31.32,44.44,35.03,41.07,56.04,31.41
822764,29.86,38.37,31.60,44.36,35.12,41.05,55.79,31.22
823775,30.10,38.09,31.36,44.60,35.12,41.07,55.81,31.04
824785,29.81,38.27,31.65,44.26,35.03,40.87,55.94,31.13
825796,30.14,38.23,31.46,44.42,35.03,41.10,55.81,31.32
826807,29.81,38.32,31.55,44.34,35.08,40.89,55.92,31.13
827817,30.19,38.09,31.27,44.57,34.94,40.89,55.76,30.94
828828,29.81,38.13,31.27,44.60,35.17,40.79,55.94,31.13
829839,30.10,38.27,31.36,44.52,35.03,40.89,55.81,30.99
830850,29.95,38.23,31.36,44.57,35.17,40.92,55.89,31.36
831861,29.86,38.18,31.22,44.34,35.12,40.87,55.79,30.99
832872,29.91,38.56,31.32,44.57,35.31,40.74,55.92,31.41
833883,29.77,38.23,31.41,44.34,35.17,40.89,55.92,31.04
834893,30.24,38.09,31.32,44.65,35.31,40.87,55.81,31.32
835904,30.10,38.13,31.13,44.36,34.89,40.92,55.99,31.13
836915,30.05,38.27,31.65,44.44,35.31,40.92,55.86,31.22
837925,29.81,38.32,31.18,44.39,35.17,40.97,55.81,31.08
838936,29.63,38.27,31.18,44.52,35.12,40.87,55.76,31.41
839948,29.91,38.56,31.27,44.39,35.31,40.89,55.89,31.04
840958,30.05,38.51,31.36,44.49,35.08,41.07,55.81,31.27
841969,29.86,38.60,31.22,44.31,35.31,41.07,55.84,31.46
842980,29.91,38.65,31.46,44.34,35.12,40.84,55.94,31.04
843991,29.86,38.60,31.22,44.36,35.12,40.94,55.76,31.22
845001,29.81,38.56,31.60,44.44,35.36,40.89,55.76,31.41
846012,29.95,38.37,31.32,44.36,35.17,41.02,55.84,31.32
847023,29.95,38.60,31.36,44.44,34.94,41.07,55.79,31.04
848033,30.00,38.46,31.36,44.39,35.03,40.94,55.86,31.04
849045,30.10,38.60,31.55,44.42,35.12,40.94,55.94,31.04
850056,30.00,38.65,31.55,44.44,35.12,41.02,55.84,31.13
851066,29.81,38.46,31.46,44.44,35.22,40.94,55.86,31.13
852077,29.81,38.56,31.46,44.60,34.84,41.07,55.84,31.46
853088,29.81,38.41,31.46,44.57,34.98,40.87,55.86,31.36
854098,29.77,38.60,31.51,44.39,35.22,40.94,55.86,31.41
855109,29.95,38.46,31.22,44.49,35.03,41.15,55.81,31.46
856120,29.95,38.56,31.32,44.44,35.03,41.10,55.86,31.18
857131,29.67,38.60,31.60,44.57,35.36,40.97,55.89,31.36
858141,29.63,38.88,31.65,44.44,34.98,40.89,55.74,31.04
859153,29.72,39.37,31.88,44.39,34.84,40.99,55.74,31.18
860164,29.81,39.17,31.88,44.52,35.12,40.92,55.89,31.27
861174,29.86,39.28,31.74,44.54,34.94,40.92,55.92,31.18
862185,29.91,39.44,31.93,44.47,35.22,40.97,55.97,31.13
863196,30.10,39.19,32.12,44.39,35.36,41.07,56.07,31.08
864206,29.77,39.11,32.16,44.60,35.17,40.79,55.99,31.08
865217,29.72,39.30,32.16,44.44,35.27,41.20,55.84,31.18
866228,29.86,39.45,31.79,44.54,34.94,41.07,55.94,31.13
867239,30.05,39.33,31.83,44.49,35.03,41.02,55.79,31.18
868250,30.00,39.45,31.88,44.54,35.03,40.94,56.02,31.36
869261,30.05,39.21,32.12,44.18,35.31,41.02,55.84,31.04
870272,29.86,39.35,31.98,44.39,35.17,40.99,56.04,31.46
871282,29.72,39.03,31.93,44.42,35.03,41.17,55.99,30.99
872293,29.72,39.39,31.98,44.47,35.31,40.89,55.74,31.04
873304,29.91,39.14,31.83,44.44,35.22,40.92,55.81,31.08
874314,29.86,39.36,31.79,44.39,35.12,40.92,55.81,31.13
875325,29.91,39.21,31.79,44.49,34.98,40.92,55.81,31.18
876337,30.10,39.44,32.16,44.36,35.03,40.89,55.86,31.13
877347,30.10,39.48,31.93,44.62,35.08,41.07,55.84,31.46
878358,29.91,39.33,31.98,44.49,35.08,41.10,55.84,31.41
879369,29.86,39.39,31.79,44.39,34.98,40.99,55.89,31.13
880379,30.14,39.17,31.74,44.39,35.31,40.99,55.81,31.22
881390,29.81,39.07,31.88,44.47,35.03,41.12,55.81,31.18
882401,30.05,39.27,31.79,44.36,35.27,41.07,55.84,31.36
883411,29.81,39.15,31.83,44.47,35.03,40.94,55.79,31.46
884422,30.10,39.15,31.93,44.54,34.94,40.89,55.81,31.32
885434,30.10,39.41,31.69,44.44,35.31,41.12,55.86,31.18
886445,29.91,39.21,31.93,44.78,34.89,40.89,55.84,31.32
887455,29.95,39.17,31.88,44.42,35.22,40.94,55.84,31.04
888466,30.24,39.35,31.83,44.36,35.08,40.99,55.76,31.18
889477,29.77,39.28,31.69,44.21,35.12,40.89,55.74,31.08
890487,29.72,39.17,31.79,44.29,35.27,40.87,55.86,31.18
891498,29.81,39.11,32.02,44.42,34.98,41.12,56.02,31.41
892509,29.81,39.36,31.93,44.42,35.12,40.94,56.02,31.04
893520,29.91,39.31,31.88,44.42,35.03,40.97,55.97,31.41
894531,30.05,39.07,31.93,44.52,35.03,40.89,55.86,31.36
895542,29.77,39.40,31.88,44.34,35.31,41.10,55.79,31.22
896552,30.00,39.66,32.45,44.52,35.12,40.99,55.99,31.04
897563,29.77,39.58,32.54,44.47,34.84,40.92,55.86,31.08
898574,29.63,39.50,32.12,44.52,34.98,41.07,55.97,31.18
899585,29.86,39.65,32.16,44.36,34.84,41.07,55.94,31.04
900595,30.05,39.19,32.02,44.36,35.03,40.92,55.76,31.18
901606,30.24,39.22,32.07,44.49,34.98,40.92,56.02,31.04
902618,30.19,39.41,32.02,44.60,35.17,40.92,55.81,31.13
903628,29.91,39.35,31.98,44.49,35.03,40.94,55.92,31.46
904639,29.95,39.40,31.93,44.31,34.98,40.94,55.86,30.99
905650,29.95,39.40,31.98,44.52,35.22,40.97,55.86,31.36
906660,30.24,39.18,31.98,44.57,35.22,40.87,55.84,31.18
907671,29.86,39.40,32.12,44.60,35.17,40.84,55.89,30.99
908682,29.86,39.31,31.74,44.39,34.89,40.97,55.81,31.36
909692,29.86,39.50,31.93,44.42,35.03,40.94,55.99,31.36
910704,30.10,39.29,31.93,44.44,35.36,41.07,56.02,30.99
911715,30.10,39.54,31.74,44.39,35.03,40.92,55.92,31.13
912726,29.86,39.48,31.88,44.72,35.03,41.10,55.79,31.22
913736,29.91,39.26,31.93,44.52,35.22,40.89,55.92,31.04
914747,29.77,39.35,31.93,44.47,35.17,41.10,55.76,30.94
915758,29.91,39.29,32.16,44.34,34.94,40.97,55.89,31.04
916768,30.14,39.50,32.16,44.57,34.84,41.05,55.79,31.22
917779,29.95,39.26,32.26,44.62,35.12,40.92,55.97,31.41
918790,29.77,39.48,31.93,44.52,35.08,40.92,55.84,31.04
919801,29.81,39.56,31.93,44.54,35.17,40.94,55.92,31.18
920812,29.91,39.46,31.88,44.44,35.31,40.94,55.97,31.27
921823,29.91,39.27,31.93,44.34,35.03,40.94,55.81,31.22
922833,30.00,39.50,31.65,44.36,35.03,40.99,55.81,31.41
923844,29.86,39.34,32.02,44.49,34.94,40.92,55.94,31.22
924855,29.86,39.34,31.79,44.44,34.94,40.94,55.74,31.18
925865,30.10,39.57,31.79,44.42,35.03,40.94,55.86,31.13
926876,30.10,39.31,31.83,44.47,35.31,40.94,55.86,30.94
927888,29.81,39.45,31.79,44.44,35.36,41.15,55.81,30.99
928899,29.72,39.53,31.88,44.54,35.03,40.89,55.81,30.94
929909,29.81,39.51,32.07,44.57,35.17,40.89,55.84,31.22
930920,30.14,39.12,32.07,44.44,34.98,41.07,55.97,31.08
931931,29.81,39.41,31.88,44.42,35.08,41.07,55.81,31.32
932941,29.77,39.25,31.98,44.31,35.27,40.92,55.79,31.41
933952,30.14,39.54,31.79,44.26,35.31,40.87,55.81,31.13
934963,29.77,39.24,31.88,44.60,34.89,40.97,55.76,31.18
935974,30.10,39.15,31.79,44.49,35.08,40.94,55.84,31.22
936985,29.95,39.35,31.79,44.44,34.98,41.12,55.99,30.94
937996,30.14,39.39,31.79,44.62,35.12,40.97,56.04,31.32
939006,30.14,39.23,31.93,44.52,34.98,40.97,55.84,31.13
940017,29.77,39.31,31.93,44.49,35.31,40.84,55.81,31.08
941028,29.72,39.79,32.40,44.42,34.94,41.10,55.81,31.04
942039,30.05,39.65,32.21,44.39,35.22,40.92,55.99,31.04
943049,30.00,39.71,32.07,44.42,34.94,41.07,55.76,31.04
944060,29.86,39.48,32.02,44.34,35.08,40.92,55.89,31.13
945072,30.14,39.51,31.93,44.39,35.31,41.07,55.71,31.08
946082,29.77,39.53,32.16,44.13,35.12,40.99,55.79,30.99
947093,29.77,39.62,31.98,44.52,34.89,41.07,55.79,31.46
948104,30.10,39.53,32.21,44.44,34.94,40.94,55.97,31.13
949114,29.77,39.75,31.83,44.60,34.98,41.10,56.02,31.08
950125,29.91,39.60,31.88,44.52,34.98,40.97,55.86,31.55
951136,29.77,41.07,32.07,44.36,34.98,40.97,55.92,31.41
952146,29.86,41.15,31.98,44.34,35.27,40.97,56.07,31.36
953158,29.95,-0.29,31.98,44.39,35.31,40.92,55.99,31.27
954169,29.67,-0.35,31.98,44.34,35.36,40.92,55.79,31.08
955180,29.77,-0.40,31.88,44.42,34.80,40.92,55.89,31.22
956190,29.95,-0.44,32.02,44.52,35.03,40.99,55.89,31.36
957201,29.67,-0.38,32.02,44.57,35.08,41.07,55.97,31.18
958212,29.91,-0.39,32.30,44.34,35.27,40.94,56.02,31.36
959222,30.14,-0.40,31.98,44.36,35.03,40.84,55.84,31.13
960233,29.81,-0.42,32.07,44.36,35.27,40.89,55.97,31.08
961244,30.28,-0.39,32.07,44.49,35.17,40.97,55.97,31.04
962253,29.58,-0.56,32.35,44.52,35.08,40.92,56.04,31.46
963264,29.72,-0.39,32.07,44.60,34.94,41.07,55.97,31.08
964275,29.72,-0.45,32.16,44.62,35.08,40.99,55.84,31.08
965285,30.24,-0.43,32.02,44.49,34.98,40.92,55.94,31.13
966296,29.86,-0.56,32.16,44.44,35.27,40.97,55.76,31.18
967307,29.67,-0.40,31.83,44.36,35.08,40.87,55.86,31.13
968317,30.00,-0.55,32.16,44.47,34.94,41.12,55.84,31.18
969328,29.81,-0.39,32.07,44.62,35.12,40.94,55.84,31.08
970339,29.95,-0.33,31.93,44.34,35.03,40.92,55.94,31.41
971350,29.72,-0.37,31.98,44.31,35.27,40.92,55.79,31.18
972361,30.10,-0.39,32.21,44.60,34.89,41.12,55.79,31.46
973372,29.95,-0.38,32.16,44.44,34.98,41.12,55.86,30.89
974383,29.67,-0.40,32.30,44.42,34.94,41.10,55.81,31.13
975393,30.10,-0.04,31.98,44.44,34.98,40.94,55.81,31.18
976404,29.77,34.75,32.02,44.52,34.94,40.94,56.02,31.22
977415,30.14,48.79,32.35,44.44,34.98,40.76,55.99,30.89
978425,29.91,48.89,32.12,44.39,35.22,40.99,55.92,31.04
979436,29.77,48.92,31.93,44.42,35.27,40.94,56.02,31.41
980447,29.72,48.89,31.98,44.70,34.98,40.87,56.02,30.99
981457,29.81,49.05,32.12,44.52,35.22,40.84,55.97,31.08
982468,30.00,48.92,32.07,44.31,35.27,41.12,55.84,31.41
983479,29.77,49.07,32.02,44.44,35.17,41.02,55.79,31.41
984491,30.19,48.87,32.21,44.47,34.98,40.89,55.86,31.04
985501,29.72,48.97,31.98,44.34,34.98,40.89,55.81,31.04
986512,29.91,48.92,32.16,44.34,35.22,40.94,55.92,31.04
987523,29.81,48.89,32.12,44.42,35.31,40.89,55.94,31.08
988533,30.24,48.97,31.98,44.34,34.94,40.94,55.99,31.13
989544,30.19,49.07,32.02,44.42,35.12,40.97,55.81,31.46
990555,29.81,49.05,32.26,44.57,34.84,40.87,55.84,30.99
991565,29.91,49.05,32.07,44.29,35.12,40.94,55.99,31.46
992577,29.81,48.92,32.07,44.52,35.03,40.87,55.86,30.94
993588,30.00,48.87,32.16,44.42,34.94,40.94,55.97,31.18
994598,29.95,49.07,32.26,44.24,35.41,41.12,55.84,31.27
995609,29.95,48.84,32.12,44.52,35.03,40.94,55.76,31.18
996620,29.77,48.87,31.93,44.42,34.94,41.12,55.74,31.18
997630,30.14,49.00,32.30,44.57,35.31,40.79,55.99,31.08
998641,30.19,48.84,31.83,44.31,34.98,40.97,55.99,31.08
999652,29.67,49.02,31.98,44.60,34.89,40.92,55.81,31.36
1000664,29.72,48.76,31.98,44.47,34.98,40.99,55.79,31.08
1001674,29.95,48.87,32.02,44.44,35.27,41.12,55.86,31.41
1002685,30.00,48.84,32.02,44.44,34.94,40.97,55.74,31.36
1003696,29.77,49.00,32.12,44.44,35.03,41.02,56.02,31.08
1004706,29.81,49.10,32.21,44.54,35.03,40.87,55.92,31.18
1005717,30.19,48.94,32.26,44.29,35.08,40.92,55.94,31.18
1006729,29.86,48.87,32.26,44.39,34.98,40.81,55.79,31.13
1007739,29.95,49.12,31.88,44.42,35.36,40.89,55.84,30.99
1008750,29.86,49.18,31.93,44.39,34.98,40.92,55.97,31.08
1009761,30.14,49.10,32.26,44.47,35.36,40.92,55.97,30.99
1010771,29.86,48.94,32.26,44.60,34.84,40.97,55.94,31.32
1011782,29.72,49.10,32.12,44.36,34.94,40.92,55.79,31.22
1012794,29.67,49.07,32.02,44.49,35.22,41.05,55.79,31.51
1013805,29.86,49.12,31.98,44.52,35.36,40.81,55.79,31.18
1014815,29.81,49.12,32.12,44.67,34.98,40.94,55.99,31.32
1015826,30.00,49.00,32.07,44.42,34.94,41.15,55.71,31.13
1016837,29.67,49.05,32.07,44.31,35.22,41.10,55.92,31.41
1017848,29.81,49.12,32.35,44.34,34.94,40.92,55.84,31.18
1018859,30.14,49.02,31.93,44.42,35.27,40.87,55.86,31.18
1019870,29.81,49.10,32.02,44.34,34.94,40.99,55.84,31.18
1020880,29.72,49.02,32.02,44.42,35.08,41.05,55.86,30.99
1021891,29.81,49.15,32.49,44.57,34.98,40.89,55.79,31.18
1022902,30.05,49.12,31.93,44.47,34.98,41.07,55.81,31.32
1023913,29.77,49.15,32.35,44.13,35.22,41.12,55.89,31.08
1024924,30.14,49.07,32.21,44.60,34.94,40.99,55.84,31.41
1025935,29.81,49.12,32.02,44.16,35.17,40.89,55.74,30.94
1026946,29.91,49.33,31.88,44.39,35.12,41.05,55.97,31.46
1027956,30.24,49.12,31.98,44.36,34.98,40.94,55.92,31.46
1028968,29.91,49.23,32.30,44.62,35.31,40.66,55.84,30.99
1029979,29.67,49.23,32.02,44.39,35.08,40.99,55.99,31.08
1030989,30.05,49.18,32.30,44.54,35.12,40.81,55.79,31.13
1032000,29.91,49.12,32.12,44.39,35.17,40.81,55.99,31.13
1033011,30.00,49.25,32.26,44.60,35.12,41.07,55.92,31.46
1034021,29.95,49.12,32.30,44.65,34.94,40.87,55.74,31.04
1035033,29.86,49.05,32.07,44.47,34.94,40.92,56.02,31.08
1036044,29.72,49.15,31.88,44.54,35.22,40.81,55.84,31.04
1037054,30.14,49.23,32.12,44.75,34.89,40.81,55.79,31.13
1038065,29.81,49.10,32.02,44.36,34.94,41.02,55.97,31.13
1039076,29.95,49.05,31.98,44.62,34.98,40.89,55.92,31.13
1040088,29.95,49.10,31.93,44.54,35.22,41.02,55.81,30.99
1041098,30.00,49.18,31.98,44.44,35.27,40.89,55.92,31.22
1042109,29.91,49.10,32.12,44.52,34.98,40.89,55.92,31.22
1043120,29.81,49.18,31.93,44.18,35.08,40.97,55.81,31.04
1044130,30.14,49.10,32.02,44.42,35.12,41.10,56.04,31.18
1045141,30.05,49.25,32.21,44.39,35.08,41.02,55.81,30.99
1046153,29.86,49.12,32.26,44.36,34.80,40.63,55.84,31.08
1047163,29.81,49.25,32.30,44.60,35.36,41.17,55.79,31.32
1048174,29.81,49.10,32.02,44.31,34.89,40.87,55.97,31.13
1049185,30.05,49.05,32.07,44.44,35.08,41.12,55.76,31.46
1050195,30.19,49.05,32.02,44.34,34.94,41.10,55.92,31.51
1051206,30.14,49.12,32.21,44.36,35.08,41.07,55.92,31.22
1052218,30.24,49.10,32.30,44.57,35.31,40.71,55.84,31.22
1053229,29.81,49.23,32.26,44.31,34.98,40.89,55.84,30.89
1054239,29.86,49.28,32.07,44.34,34.98,40.84,55.89,30.99
1055250,29.77,49.18,32.35,44.54,34.89,40.79,55.81,31.27
1056261,29.86,49.20,31.93,44.34,34.94,41.30,56.02,30.94
1057271,30.05,49.30,32.26,44.42,35.03,41.05,55.89,31.13
1058283,30.05,49.10,32.12,44.57,35.08,40.89,55.84,31.04
1059294,29.63,49.23,32.26,44.39,35.12,40.97,55.99,31.18
1060304,30.00,49.15,32.21,44.49,35.08,41.07,56.02,31.04
1061315,30.28,49.20,32.40,44.44,34.98,41.02,55.79,31.08
1062326,29.91,49.36,32.07,44.42,34.98,40.94,55.99,31.08
1063336,29.86,49.28,31.98,44.44,35.17,41.15,55.79,31.08
1064348,29.95,49.28,32.21,44.39,35.17,41.05,55.86,31.27
1065359,29.86,49.18,32.30,44.54,35.31,41.02,55.86,31.08
1066370,29.95,49.12,32.12,44.39,35.22,41.15,55.81,31.08
1067380,29.72,49.18,32.30,44.47,34.94,41.07,55.94,30.94
1068391,29.95,49.33,32.02,44.52,34.84,40.81,55.99,31.04
1069402,29.95,49.10,31.98,44.42,34.98,41.15,55.79,31.18
1070413,29.81,49.33,32.07,44.39,34.98,41.33,55.86,30.94
1071424,29.86,49.33,32.35,44.31,34.89,40.87,55.94,31.13
1072435,29.95,49.25,32.21,44.47,35.27,40.87,55.86,30.99
1073445,30.10,49.23,32.12,44.44,34.94,41.05,55.86,31.18
1074456,29.95,49.25,31.98,44.42,35.17,40.84,55.84,31.13
1075467,29.77,49.28,32.21,44.39,35.17,41.10,55.84,31.18
1076478,29.72,49.25,32.26,44.26,34.89,41.02,55.92,31.36
1077489,29.95,49.23,32.02,44.47,35.27,40.92,55.76,31.13
1078500,29.81,49.18,32.02,44.47,35.03,40.94,55.79,31.04
1079511,30.19,49.23,32.07,44.54,34.94,41.02,55.86,31.08
1080521,30.00,49.20,32.21,44.47,35.31,40.84,55.92,31.22
1081533,29.77,49.10,31.88,44.49,35.03,41.07,55.74,31.04
1082544,30.19,49.12,32.07,44.36,34.94,41.02,55.99,31.13
1083554,29.77,49.18,31.88,44.36,35.22,41.20,55.76,31.08
1084565,29.91,49.23,31.93,44.39,35.03,40.92,56.02,31.51
1085576,29.95,49.25,32.26,44.54,34.89,40.89,55.76,31.13
1086586,29.72,49.30,31.93,44.42,35.12,41.02,55.92,31.08
1087598,30.28,49.43,32.02,44.36,34.84,41.07,55.89,31.41
1088609,29.81,49.25,32.26,44.39,34.98,40.89,55.79,31.27
1089619,30.00,49.25,32.26,44.60,34.98,40.89,56.07,31.22
1090630,30.05,49.41,31.98,44.36,35.17,40.89,55.76,31.13
1091641,30.00,49.23,32.21,44.57,35.08,40.87,55.86,30.94
1092652,29.86,49.41,32.30,44.52,35.36,40.99,55.89,30.99
1093663,30.05,49.33,32.30,44.42,35.22,40.94,55.89,31.08
1094674,30.05,49.28,32.02,44.21,35.12,41.10,55.84,31.41
1095685,30.10,49.25,32.26,44.60,35.22,40.89,55.79,31.08
1096695,30.05,49.36,31.88,44.18,35.12,40.89,55.79,30.94
1097706,29.77,49.46,32.07,44.36,35.12,40.94,55.86,31.27
1098717,29.95,49.28,31.98,44.44,35.27,40.89,55.81,30.99
1099728,29.86,49.46,32.02,44.39,34.94,41.05,55.76,31.13
1100739,29.72,49.48,32.16,44.34,35.03,40.92,55.79,31.22
1101750,29.58,49.46,32.02,44.36,34.89,40.94,55.79,31.13
1102760,29.91,49.20,32.26,44.57,34.98,40.89,55.81,31.41
1103771,29.72,49.25,31.98,44.42,35.17,40.89,55.79,31.32
1104782,29.95,49.28,31.98,44.39,35.31,40.94,55.84,31.13
1105794,29.86,49.43,32.02,44.39,35.22,40.76,55.94,31.08
1106804,30.19,49.25,32.26,44.31,35.12,40.89,55.84,31.22
1107815,29.86,49.30,32.16,44.57,34.98,41.15,55.99,31.18
1108826,29.91,49.38,32.21,44.47,34.94,40.97,55.76,31.18
1109836,29.95,49.36,31.93,44.39,35.31,40.68,55.81,31.46
1110847,29.67,49.38,31.88,44.39,35.36,41.12,55.81,31.13
1111859,29.91,49.38,31.98,44.34,35.17,41.02,55.86,30.99
1112869,29.91,49.36,31.93,44.44,35.22,41.10,55.81,31.08
1113880,29.81,49.33,32.16,44.52,35.08,40.97,56.02,31.55
1114891,29.95,49.30,32.30,44.65,34.94,41.20,55.92,31.13
1115901,30.14,49.36,32.12,44.36,35.31,40.92,55.81,31.13
1116913,30.10,49.38,32.21,44.31,34.94,41.25,55.76,31.08
1117924,30.10,49.38,32.26,44.39,35.22,40.87,55.76,31.41
1118935,29.77,49.28,32.16,44.65,35.03,41.02,55.79,31.22
1119945,30.10,49.41,32.02,44.42,35.03,40.92,55.99,31.13
1120956,30.00,49.30,32.21,44.42,35.41,40.97,55.99,31.22
1121968,29.81,49.36,32.02,44.39,35.22,41.02,55.74,30.99
1122978,29.95,49.38,31.83,44.39,35.03,40.81,55.89,31.08
1123989,30.00,49.38,31.93,44.47,35.08,40.89,55.74,31.13
1125000,29.81,49.36,31.98,44.49,34.98,40.92,55.97,31.08
1126010,30.10,49.28,32.02,44.42,35.17,40.89,55.76,31.18
1127021,29.77,49.41,32.07,44.39,35.17,41.10,55.99,31.04
1128033,30.14,49.54,31.98,44.57,35.27,41.15,55.81,31.22
1129043,29.91,49.36,32.26,44.36,35.03,40.97,55.94,31.13
1130054,29.77,49.43,32.02,44.36,34.98,40.92,55.79,31.18
1131065,29.86,49.48,32.12,44.42,35.31,41.10,55.97,31.08
1132076,29.86,49.46,32.26,44.57,34.94,41.38,55.79,30.99
1133086,30.14,49.30,32.02,44.36,35.08,40.97,55.79,31.18
1134098,29.86,49.48,32.16,44.57,35.22,40.74,55.89,30.99
1135109,29.77,49.41,32.12,44.54,35.08,40.99,55.84,31.32
1136119,29.91,49.28,31.98,44.34,34.84,41.02,55.86,31.22
1137130,29.67,49.30,31.98,44.49,35.03,40.74,55.99,31.13
1138141,29.81,49.38,32.12,44.57,34.94,40.89,55.76,31.36
1139151,29.95,49.36,32.26,44.39,35.22,41.15,55.86,30.99
1140163,29.91,49.51,32.30,44.70,35.03,41.02,55.81,31.04
1141174,29.81,49.36,31.98,44.49,35.31,40.87,55.81,31.27
1142184,30.05,49.46,32.07,44.49,34.84,41.07,56.02,31.08
1143195,29.91,49.36,31.98,44.31,35.22,40.92,55.76,31.32
1144206,29.67,49.23,32.02,44.36,35.31,41.15,55.81,31.08
1145218,29.81,49.28,31.98,44.52,35.03,41.02,55.76,31.22
1146228,29.81,49.41,32.07,44.42,35.41,41.10,55.81,31.32
1147239,30.10,49.43,31.98,44.42,35.12,41.15,55.81,31.08
1148250,30.10,49.33,32.26,44.44,35.03,40.94,55.79,31.46
1149260,30.05,49.36,32.16,44.44,35.08,40.94,55.94,31.04
1150271,29.91,49.41,32.07,44.42,35.08,40.99,55.89,31.08
1151283,29.67,49.30,32.07,44.54,35.12,40.94,55.94,31.04
1152293,29.77,49.30,32.12,44.75,35.08,40.76,55.94,31.13
1153304,29.86,49.33,32.16,44.29,35.03,41.02,55.81,31.18
1154315,29.67,49.30,32.30,44.44,34.94,40.99,55.89,31.27
1155325,29.77,49.48,31.98,44.34,35.17,40.87,55.81,31.32
1156336,29.95,49.56,32.30,44.54,35.08,40.94,55.86,31.41
1157348,29.77,49.41,32.02,44.39,34.98,41.28,55.76,31.08
1158359,30.05,49.54,32.02,44.31,35.08,41.05,55.97,31.18
1159369,30.05,49.30,31.98,44.36,35.22,41.07,55.79,31.60
1160380,29.95,49.30,32.35,44.54,35.36,40.89,55.76,31.46
1161391,29.95,49.41,32.07,44.34,35.03,41.02,55.94,31.18
1162401,29.95,49.36,31.83,44.39,35.03,40.99,55.81,31.51
1163413,30.14,49.54,32.07,44.52,35.22,40.84,55.79,31.27
1164424,29.95,49.33,31.98,44.36,35.03,41.02,55.79,31.36
1165434,29.77,49.33,32.07,44.42,35.03,40.99,55.94,31.27
1166445,29.86,49.33,32.21,44.49,35.27,40.94,55.86,31.08
1167456,29.86,49.43,32.07,44.39,35.12,40.71,55.99,31.22
1168466,30.00,49.43,31.98,44.44,35.08,40.84,55.92,31.36
1169478,30.05,49.48,32.02,44.39,35.17,40.99,55.79,31.08
1170489,30.10,49.33,32.26,44.42,35.31,40.81,55.92,31.18
1171500,30.14,49.41,32.21,44.60,35.22,40.97,55.94,31.22
1172510,29.81,49.36,32.30,44.60,34.84,40.97,55.86,31.32
1173521,29.72,49.43,32.02,44.39,35.08,41.17,55.86,31.27
1174532,29.81,49.38,31.93,44.44,35.22,40.92,55.79,31.51
1175543,30.05,49.38,32.21,44.24,34.94,40.94,55.84,31.36
1176554,29.91,49.41,32.12,44.44,35.36,40.84,55.68,31.36
1177565,30.10,49.46,32.30,44.44,34.98,40.92,56.04,31.18
1178575,29.63,49.61,31.98,44.42,35.17,40.92,55.79,31.27
1179586,29.91,49.46,32.12,44.39,35.27,40.89,55.76,31.13
1180598,30.10,49.48,32.07,44.47,35.03,40.87,55.97,31.41
1181608,29.86,49.38,31.93,44.49,35.03,40.89,55.81,31.36
1182619,29.91,49.38,31.79,44.42,34.98,40.94,55.99,31.22
1183630,29.81,49.43,32.16,44.49,34.89,40.79,55.81,31.22
1184641,29.81,49.43,31.98,44.39,35.03,41.10,55.81,31.27
1185651,29.91,49.38,32.07,44.57,35.22,40.92,55.86,31.32
1186663,29.86,49.46,32.07,44.49,35.17,40.92,55.99,31.22
1187674,30.05,49.51,32.21,44.39,35.12,41.07,55.81,31.36
1188684,29.72,49.43,31.93,44.34,35.08,40.94,55.97,31.22
1189695,29.95,49.43,32.16,44.62,34.94,41.15,56.02,31.60
1190706,29.91,49.56,32.12,44.67,34.89,40.87,55.76,31.55
1191717,29.81,49.48,32.12,44.62,34.89,40.94,55.89,31.22
1192728,30.00,49.46,31.98,44.26,35.31,41.12,55.84,31.32
1193739,29.72,49.51,32.30,44.39,35.17,41.07,55.84,31.22
1194749,29.81,49.46,32.30,44.34,35.03,40.87,55.86,31.60
1195760,29.77,49.59,31.98,44.34,35.27,40.87,55.84,31.18
1196771,30.05,49.41,32.16,44.57,35.27,40.92,55.84,31.13
1197783,29.86,49.43,32.16,44.42,35.27,40.68,55.94,31.18
1198793,29.81,49.48,31.98,44.39,35.08,41.02,55.89,31.22
1199804,29.95,49.38,31.93,44.42,34.94,41.15,55.84,31.18
1200815,30.10,49.48,32.16,44.52,35.22,40.79,55.97,31.27
1201825,30.00,49.56,32.26,44.62,34.98,41.28,55.79,31.32
1202836,29.86,49.46,31.98,44.42,35.17,41.10,55.84,31.46
1203848,29.81,49.48,32.02,44.29,35.03,40.87,55.92,31.51
1204858,29.86,49.51,32.21,44.49,34.98,40.97,55.76,31.51
1205869,29.81,49.48,32.12,44.62,34.98,40.94,55.99,31.22
1206880,29.86,49.46,32.30,44.67,34.94,40.99,55.89,31.18
1207890,29.81,49.56,32.07,44.47,34.94,41.05,55.94,31.18
1208902,30.00,49.51,31.98,44.36,35.27,40.68,55.97,31.41
1209913,29.91,49.48,31.98,44.54,35.12,40.94,55.92,31.13
1210924,29.86,49.51,31.98,44.57,35.17,40.92,55.79,31.36
1211934,30.24,49.54,31.93,44.57,34.98,40.87,55.84,31.27
1212945,29.81,49.54,32.07,44.39,35.22,41.07,56.02,31.55
1213957,29.72,49.43,32.21,44.36,35.03,40.87,55.92,31.13
1214967,30.10,49.46,32.21,44.39,35.12,41.05,55.84,31.55
1215978,29.95,49.41,32.02,44.42,35.03,40.97,56.02,31.32
1216989,29.77,49.46,32.35,44.57,34.89,40.92,55.84,31.22
1217999,29.91,49.56,31.98,44.34,35.22,40.63,55.81,31.22
1219010,29.91,49.64,32.07,44.39,35.27,40.94,55.86,31.22
1220022,29.72,49.59,31.93,44.34,35.22,41.05,55.79,31.55
1221032,29.86,49.56,31.79,44.29,35.12,41.10,55.97,31.22
1222043,29.86,49.56,31.93,44.34,35.12,41.02,55.99,31.55
1223054,29.86,49.46,32.16,44.57,35.03,40.94,56.02,31.22
1224065,30.00,49.43,32.21,44.39,34.89,41.02,55.94,31.60
1225075,29.63,49.51,32.07,44.42,35.03,40.89,55.81,31.27
1226087,29.77,49.48,32.30,44.75,34.98,40.92,55.86,31.32
1227098,29.91,49.51,31.88,44.36,34.94,41.12,55.68,31.55
1228108,29.91,49.54,32.12,44.54,34.84,40.97,55.99,31.18
1229119,30.00,49.43,32.12,44.49,35.27,40.84,55.86,31.22
1230130,29.67,49.61,32.21,44.49,35.03,40.87,56.02,31.32
1231141,29.95,49.46,31.98,44.36,35.12,41.30,55.76,31.18
1232152,29.91,49.54,32.40,44.60,35.27,40.94,55.92,31.27
1233163,30.05,49.61,32.02,44.39,35.08,40.87,55.92,31.55
1234173,29.67,49.59,32.12,44.44,35.31,40.89,55.81,31.22
1235184,30.00,49.48,31.88,44.54,35.12,40.74,55.97,31.36
1236195,30.00,49.51,32.02,44.47,34.94,40.89,55.81,31.13
1237207,30.10,49.51,32.16,44.49,35.12,40.89,55.86,31.36
1238217,30.00,49.46,32.07,44.47,35.03,40.92,55.81,31.46
1239228,29.81,49.46,32.30,44.62,35.22,40.87,55.99,31.32
1240239,29.86,49.54,32.02,44.39,35.36,41.02,55.86,31.27
1241249,29.81,49.48,32.02,44.42,35.08,41.33,55.81,31.32
1242260,29.81,49.48,31.98,44.42,35.36,40.92,55.86,31.27
1243272,29.77,49.51,32.02,44.18,35.22,41.10,55.71,31.22
1244282,29.95,49.43,32.12,44.44,35.31,40.84,55.79,31.22
1245293,30.10,49.43,31.93,44.26,35.22,40.92,55.89,31.22
1246304,30.10,49.56,31.83,44.39,34.98,40.97,55.97,31.51
1247314,29.95,49.48,32.02,44.36,35.22,40.89,55.81,31.13
1248326,30.10,49.54,31.88,44.52,35.08,41.25,55.76,31.46
1249337,29.86,49.43,32.26,44.39,35.03,40.92,55.76,31.27
1250348,29.86,49.64,32.02,44.60,35.27,40.87,55.86,31.27
1251358,29.91,49.46,32.07,44.44,35.03,41.12,55.79,31.46
1252369,30.05,49.51,31.98,44.44,35.31,40.74,55.89,31.08
1253380,29.95,49.66,31.88,44.34,35.08,41.02,55.76,31.51
1254391,29.77,49.56,32.07,44.52,35.17,40.79,55.94,31.13
1255402,30.05,49.69,32.02,44.39,34.98,40.99,55.74,31.41
1256413,29.86,49.59,32.02,44.39,34.98,40.94,55.94,31.18
1257423,29.86,49.74,31.98,44.54,34.89,40.81,56.02,31.32
1258434,29.86,49.77,32.40,44.62,34.80,40.66,55.79,31.60
1259445,29.72,49.61,31.83,44.44,35.22,41.10,55.86,31.22
1260456,30.10,49.72,32.16,44.31,35.36,41.12,55.84,31.22
1261467,29.72,49.59,32.30,44.52,35.08,40.89,56.02,31.46
1262478,29.95,49.59,32.02,44.47,35.12,41.15,55.76,31.46
1263489,30.00,49.48,32.12,44.42,35.27,40.89,55.81,31.18
1264499,29.95,49.61,32.12,44.60,35.27,41.02,55.86,31.32
1265511,30.14,49.59,32.16,44.36,35.08,40.79,56.02,31.27
1266522,29.77,49.56,32.07,44.42,35.17,40.97,56.04,31.65
1267532,30.05,49.59,31.93,44.34,35.08,40.94,55.94,31.41
1268543,30.05,49.54,32.07,44.36,35.03,41.12,55.81,31.55
1269554,29.81,49.64,32.02,44.65,34.89,41.07,55.86,31.22
1270564,29.91,49.74,32.07,44.54,35.03,40.87,55.92,31.32
1271576,29.81,49.66,32.07,44.54,34.84,40.92,55.97,31.60
1272587,29.91,49.69,31.83,44.42,35.08,41.02,55.84,31.65
1273597,29.81,49.56,31.98,44.39,34.94,40.99,55.81,31.22
1274608,30.00,49.69,31.88,44.54,34.94,41.15,55.81,31.55
1275619,30.00,49.77,32.26,44.65,35.27,40.84,55.81,31.27
1276630,29.81,49.69,31.98,44.47,34.98,40.89,55.97,31.32
1277641,29.86,49.61,32.12,44.16,35.12,40.92,55.99,31.22
1278652,29.67,49.77,32.12,44.52,35.03,40.99,55.97,31.13
1279663,30.00,49.72,32.21,44.62,35.03,41.05,55.79,31.18
1280673,30.00,49.51,32.26,44.57,34.94,41.05,55.86,31.13
1281684,30.14,49.56,31.88,44.42,35.08,40.94,55.84,31.27
1282696,30.00,49.66,32.26,44.42,35.12,41.02,55.76,31.32
1283706,29.91,49.54,32.21,44.29,35.08,40.81,55.84,31.22
1284717,30.10,49.56,32.30,44.47,35.36,40.87,55.92,31.60
1285728,30.10,49.54,31.93,44.34,35.12,41.17,55.74,31.41
1286738,30.05,49.79,32.21,44.49,35.17,40.79,55.86,31.46
1287749,29.86,49.64,31.98,44.52,34.98,41.05,55.92,31.36
1288761,30.00,49.69,32.02,44.39,35.22,40.92,55.79,31.41
1289772,29.86,49.77,31.93,44.34,34.98,40.99,55.94,31.32
1290782,30.24,49.61,31.98,44.44,35.08,40.97,55.81,31.27
1291793,30.05,49.59,32.12,44.47,35.22,41.05,55.89,31.18
1292804,30.05,49.64,32.02,44.36,34.94,41.28,55.81,31.22
1293814,29.77,49.64,32.02,44.47,35.22,40.94,55.84,31.22
1294826,29.67,49.66,32.02,44.42,34.89,40.92,55.79,31.13
1295837,29.95,49.66,32.02,44.47,34.94,41.05,55.84,31.41
1296847,29.72,49.66,32.12,44.72,34.98,40.99,55.79,31.36
1297858,29.95,49.54,32.16,44.52,34.98,40.89,55.74,31.41
1298869,30.19,49.48,31.93,44.36,35.03,41.02,55.89,31.27
1299880,29.81,49.66,32.16,44.39,35.08,40.97,55.76,30.89
1300891,29.95,49.79,32.40,44.62,35.27,41.17,55.86,31.13
1301902,29.81,49.61,31.98,44.36,34.84,40.87,55.99,31.27
1302913,30.14,49.69,31.98,44.49,34.98,40.81,55.97,31.27
1303923,29.63,49.64,31.98,44.49,35.08,40.81,55.81,31.27
1304934,30.00,49.64,31.98,44.47,35.17,40.92,55.89,31.36
1305946,29.81,49.61,32.30,44.72,34.98,40.87,55.86,31.27
1306956,30.05,49.77,32.30,44.54,34.94,40.99,55.89,31.27
1307967,29.81,49.79,32.02,44.21,34.80,40.89,55.76,31.18
1308978,29.81,49.74,32.02,44.39,35.08,40.99,55.84,31.18
1309988,29.86,49.59,32.07,44.44,34.94,40.87,55.86,31.27
1311000,29.86,49.59,32.30,44.57,35.27,41.15,55.84,31.46
1312011,29.91,49.56,32.07,44.52,34.94,40.99,55.76,31.27
1313021,29.91,49.56,32.16,44.52,35.27,40.94,55.97,31.46
1314032,29.86,49.72,32.07,44.34,35.08,40.97,55.86,31.27
1315043,29.81,49.64,32.30,44.57,34.94,40.97,55.84,31.55
1316054,30.19,49.56,32.16,44.39,35.17,40.89,55.74,31.13
1317065,30.14,49.51,31.88,44.47,35.12,41.07,55.79,31.22
1318076,29.86,49.56,32.07,44.42,34.98,41.02,56.02,31.55
1319087,29.91,49.59,32.02,44.44,35.03,40.92,55.97,31.18
1320097,29.81,49.61,32.26,44.60,34.98,41.07,55.92,31.22
1321108,29.86,49.74,32.35,44.60,34.94,40.79,55.94,31.22
1322119,29.72,49.64,32.07,44.36,34.98,41.07,56.02,31.18
1323130,30.00,49.66,31.74,44.49,34.94,40.97,55.94,31.18
1324141,29.95,49.59,31.88,44.39,34.98,41.02,56.04,31.36
1325152,30.14,49.69,31.98,44.39,34.94,40.99,55.97,30.85
1326162,30.10,49.56,32.30,44.39,35.31,40.99,55.84,31.27
1327173,29.86,49.59,31.98,44.39,35.08,41.23,55.86,31.27
1328184,29.77,49.66,32.02,44.47,35.03,40.92,55.89,31.18
1329196,29.77,49.59,32.02,44.57,34.89,41.07,55.92,31.36
1330206,29.77,49.74,32.07,44.44,34.94,40.99,55.79,31.32
1331217,30.05,49.69,32.26,44.34,35.03,40.92,55.94,31.55
1332228,29.91,49.69,32.21,44.29,35.22,40.99,55.81,31.60
1333238,29.81,49.79,32.02,44.39,35.22,40.94,55.79,31.46
1334249,30.10,49.59,31.93,44.42,34.89,41.05,55.94,31.18
1335261,29.67,49.72,32.21,44.31,34.94,41.15,55.84,31.51
